1.000000000000000000e+01 1.654746357993264638e+00 1.581138830084189539e+00
2.000000000000000000e+01 1.260002695685522589e+00 1.118033988749894903e+00
3.000000000000000000e+01 8.348917624862887132e-01 9.128709291752769017e-01
4.000000000000000000e+01 7.325280342535779310e-01 7.905694150420947697e-01
5.000000000000000000e+01 6.343970920166499550e-01 7.071067811865474617e-01
6.000000000000000000e+01 6.057025273786527109e-01 6.454972243679027999e-01
7.000000000000000000e+01 5.959092805112551350e-01 5.976143046671967829e-01
8.000000000000000000e+01 5.754385947118404454e-01 5.590169943749474513e-01
9.000000000000000000e+01 5.332217752383247023e-01 5.270462766947299205e-01
1.000000000000000000e+02 4.828550780321032576e-01 5.000000000000000000e-01
1.100000000000000000e+02 4.538723211356435194e-01 4.767312946227961756e-01
1.200000000000000000e+02 4.779561686589475777e-01 4.564354645876384509e-01
1.300000000000000000e+02 3.261947961092338533e-01 4.385290096535146565e-01
1.400000000000000000e+02 4.012581543543062845e-01 4.225771273642582870e-01
1.500000000000000000e+02 3.867439685419767348e-01 4.082482904638630172e-01
1.600000000000000000e+02 3.402895655706412170e-01 3.952847075210473848e-01
1.700000000000000000e+02 3.504093214048240590e-01 3.834824944236852051e-01
1.800000000000000000e+02 3.454713298338576988e-01 3.726779962499649490e-01
1.900000000000000000e+02 3.437849135020378255e-01 3.627381250550058556e-01
2.000000000000000000e+02 3.013933181898781344e-01 3.535533905932737309e-01
2.100000000000000000e+02 3.306834807684486677e-01 3.450327796711771255e-01
2.200000000000000000e+02 3.057814053169665147e-01 3.370999312316210195e-01
2.300000000000000000e+02 3.201868820661420978e-01 3.296902366978934906e-01
2.400000000000000000e+02 2.997753557380455902e-01 3.227486121839513999e-01
2.500000000000000000e+02 2.824636139844425853e-01 3.162277660168379412e-01
2.600000000000000000e+02 2.900287628445091803e-01 3.100868364730211546e-01
2.700000000000000000e+02 2.662814865454722346e-01 3.042903097250923006e-01
2.800000000000000000e+02 3.101301619620484007e-01 2.988071523335983914e-01
2.900000000000000000e+02 2.863120449275490254e-01 2.936101097573517449e-01
3.000000000000000000e+02 2.577910334648829682e-01 2.886751345948128655e-01
3.100000000000000000e+02 2.715332505835470478e-01 2.839809171235324059e-01
3.200000000000000000e+02 2.671132171312081693e-01 2.795084971874737256e-01
3.300000000000000000e+02 2.492512011202482891e-01 2.752409412815901568e-01
3.400000000000000000e+02 2.395290617019811830e-01 2.711630722733202048e-01
3.500000000000000000e+02 2.552633608590784697e-01 2.672612419124243965e-01
3.600000000000000000e+02 2.523726034041167132e-01 2.635231383473649602e-01
3.700000000000000000e+02 2.590907345437389875e-01 2.599376224550181691e-01
3.800000000000000000e+02 2.450418657942361744e-01 2.564945880212885498e-01
3.900000000000000000e+02 2.468759258752188379e-01 2.531848417709166577e-01
4.000000000000000000e+02 2.372159613416476298e-01 2.500000000000000000e-01
4.100000000000000000e+02 2.191306305122588394e-01 2.469323991623973980e-01
4.200000000000000000e+02 2.202387655729567684e-01 2.439750182371333009e-01
4.300000000000000000e+02 2.277708708873183441e-01 2.411214110852060721e-01
4.400000000000000000e+02 2.136466111380593835e-01 2.383656473113980878e-01
4.500000000000000000e+02 2.202700872978761715e-01 2.357022603955158391e-01
4.600000000000000000e+02 2.221354529205505912e-01 2.331262020600784468e-01
4.700000000000000000e+02 2.085797289201585525e-01 2.306328020072212492e-01
4.800000000000000000e+02 2.110007401051441911e-01 2.282177322938192254e-01
4.900000000000000000e+02 2.124115509468503249e-01 2.258769757263128231e-01
5.000000000000000000e+02 2.085393966296503754e-01 2.236067977499789639e-01
5.100000000000000000e+02 1.960815579261794561e-01 2.214037213850238439e-01
5.200000000000000000e+02 1.969467713476829862e-01 2.192645048267573282e-01
5.300000000000000000e+02 2.009001793565577676e-01 2.171861213815347025e-01
5.400000000000000000e+02 2.149272761898641526e-01 2.151657414559676185e-01
5.500000000000000000e+02 2.035746682627748716e-01 2.132007163556104146e-01
5.600000000000000000e+02 1.988729035453087046e-01 2.112885636821291435e-01
5.700000000000000000e+02 2.038264063162167350e-01 2.094269541458477490e-01
5.800000000000000000e+02 1.948874838947364518e-01 2.076136996343499186e-01
5.900000000000000000e+02 1.788734475699401694e-01 2.058467423981545641e-01
6.000000000000000000e+02 1.865812620463799254e-01 2.041241452319315086e-01
6.100000000000000000e+02 1.815522213988592648e-01 2.024440825447290093e-01
6.200000000000000000e+02 1.856437938697494128e-01 2.008048322256247020e-01
6.300000000000000000e+02 1.908286190305382712e-01 1.992047682223989369e-01
6.400000000000000000e+02 1.727858744155465753e-01 1.976423537605236924e-01
6.500000000000000000e+02 1.815725089126789538e-01 1.961161351381840445e-01
6.600000000000000000e+02 1.784657917074794486e-01 1.946247360403807469e-01
6.700000000000000000e+02 1.817123356323820937e-01 1.931668523215639421e-01
6.800000000000000000e+02 1.741207846471614085e-01 1.917412472118426026e-01
6.900000000000000000e+02 1.719298566846683973e-01 1.903467469067202378e-01
7.000000000000000000e+02 1.667298503650499475e-01 1.889822365046136265e-01
7.100000000000000000e+02 1.828897648401407727e-01 1.876466562602003840e-01
7.200000000000000000e+02 1.770652136964106504e-01 1.863389981249824745e-01
7.300000000000000000e+02 1.584047900751692217e-01 1.850583025494013101e-01
7.400000000000000000e+02 1.711835567201500929e-01 1.838036555234519309e-01
7.500000000000000000e+02 1.744249269300752192e-01 1.825741858350553581e-01
7.600000000000000000e+02 1.653184055763412541e-01 1.813690625275029278e-01
7.700000000000000000e+02 1.703632826494915486e-01 1.801874925391117876e-01
7.800000000000000000e+02 1.601142661465474737e-01 1.790287185098582146e-01
7.900000000000000000e+02 1.706123589593411538e-01 1.778920167412050002e-01
8.000000000000000000e+02 1.604184763975483874e-01 1.767766952966368654e-01
8.100000000000000000e+02 1.648788226714958394e-01 1.756820922315766309e-01
8.200000000000000000e+02 1.583433177482247156e-01 1.746075739423945394e-01
8.300000000000000000e+02 1.590082835981392884e-01 1.735525336251558248e-01
8.400000000000000000e+02 1.607621797404838737e-01 1.725163898355885628e-01
8.500000000000000000e+02 1.578668039711701443e-01 1.714985851425088470e-01
8.600000000000000000e+02 1.587357069863641612e-01 1.704985848676183746e-01
8.700000000000000000e+02 1.554986617492030987e-01 1.695158759052026176e-01
8.800000000000000000e+02 1.584497786196201186e-01 1.685499656158105097e-01
8.900000000000000000e+02 1.528809110096813473e-01 1.676003807884977326e-01
9.000000000000000000e+02 1.559202437980630740e-01 1.666666666666666574e-01
9.100000000000000000e+02 1.513696807537454059e-01 1.657483860329489744e-01
9.200000000000000000e+02 1.423237907995929252e-01 1.648451183489467453e-01
9.300000000000000000e+02 1.514470896098182862e-01 1.639564589459882316e-01
9.400000000000000000e+02 1.562075523321529158e-01 1.630820182633605508e-01
9.500000000000000000e+02 1.520151804560542497e-01 1.622214211307625442e-01
9.600000000000000000e+02 1.522322188204367488e-01 1.613743060919757000e-01
9.700000000000000000e+02 1.502602232881807831e-01 1.605403247669839051e-01
9.800000000000000000e+02 1.468119634176097699e-01 1.597191412499849583e-01
9.900000000000000000e+02 1.487242958870836074e-01 1.589104315409320400e-01
1.000000000000000000e+03 1.442279426978467505e-01 1.581138830084189706e-01
1.010000000000000000e+03 1.408022777033290096e-01 1.573291938818881519e-01
1.020000000000000000e+03 1.479851563975815576e-01 1.565560727712873856e-01
1.030000000000000000e+03 1.435342327901064641e-01 1.557942382124389569e-01
1.040000000000000000e+03 1.377611478314304527e-01 1.550434182365105773e-01
1.050000000000000000e+03 1.389454737167984677e-01 1.543033499620919125e-01
1.060000000000000000e+03 1.377463473249783410e-01 1.535737792084878039e-01
1.070000000000000000e+03 1.395962441196985371e-01 1.528544601289357763e-01
1.080000000000000000e+03 1.417278206688324660e-01 1.521451548625461503e-01
1.090000000000000000e+03 1.451484608771699825e-01 1.514456332038456587e-01
1.100000000000000000e+03 1.366752180760462954e-01 1.507556722888817868e-01
1.110000000000000000e+03 1.390935811365076880e-01 1.500750562969160318e-01
1.120000000000000000e+03 1.363848067552199672e-01 1.494035761667991957e-01
1.130000000000000000e+03 1.416643012938714752e-01 1.487410293271824169e-01
1.140000000000000000e+03 1.404563629982691353e-01 1.480872194397730712e-01
1.150000000000000000e+03 1.372329683960583357e-01 1.474419561548971358e-01
1.160000000000000000e+03 1.347276529784761923e-01 1.468050548786758724e-01
1.170000000000000000e+03 1.327611338365527471e-01 1.461763365511715151e-01
1.180000000000000000e+03 1.329989387071056073e-01 1.455556274348955015e-01
1.190000000000000000e+03 1.365173945844780357e-01 1.449427589131121186e-01
1.200000000000000000e+03 1.378545313145385920e-01 1.443375672974064328e-01
1.210000000000000000e+03 1.353661521165270831e-01 1.437398936440172359e-01
1.220000000000000000e+03 1.307721061799152484e-01 1.431495835784670767e-01
1.230000000000000000e+03 1.327447922065692620e-01 1.425664871280502566e-01
1.240000000000000000e+03 1.286449436965178827e-01 1.419904585617662029e-01
1.250000000000000000e+03 1.354845181180963920e-01 1.414213562373095034e-01
1.260000000000000000e+03 1.307284753592511117e-01 1.408590424547527531e-01
1.270000000000000000e+03 1.327545208809219335e-01 1.403033833165784339e-01
1.280000000000000000e+03 1.283298481260490842e-01 1.397542485937368628e-01
1.290000000000000000e+03 1.308095747072394732e-01 1.392115115974261463e-01
1.300000000000000000e+03 1.281983766135367520e-01 1.386750490563072868e-01
1.310000000000000000e+03 1.246721351091725910e-01 1.381447409988844077e-01
1.320000000000000000e+03 1.248796938955270414e-01 1.376204706407950784e-01
1.330000000000000000e+03 1.301303006936869733e-01 1.371021242767704318e-01
1.340000000000000000e+03 1.220580479632102366e-01 1.365895911770382554e-01
1.350000000000000000e+03 1.206645336209338504e-01 1.360827634879543391e-01
1.360000000000000000e+03 1.224100936725502631e-01 1.355815361366601024e-01
1.370000000000000000e+03 1.282051024948661633e-01 1.350858067395747930e-01
1.380000000000000000e+03 1.240616773324423050e-01 1.345954755145413739e-01
1.390000000000000000e+03 1.260455389500103607e-01 1.341104451964550415e-01
1.400000000000000000e+03 1.244663235018169667e-01 1.336306209562121983e-01
1.410000000000000000e+03 1.277905858342107959e-01 1.331559103228268648e-01
1.420000000000000000e+03 1.220066955580271228e-01 1.326862231085688126e-01
1.430000000000000000e+03 1.198014864508002153e-01 1.322214713369862793e-01
1.440000000000000000e+03 1.225868943895506435e-01 1.317615691736824801e-01
1.450000000000000000e+03 1.226020121748201963e-01 1.313064328597225439e-01
1.460000000000000000e+03 1.155931680457196742e-01 1.308559806475534382e-01
1.470000000000000000e+03 1.215764300655479135e-01 1.304101327393252796e-01
1.480000000000000000e+03 1.197980735938191793e-01 1.299688112275090845e-01
1.490000000000000000e+03 1.197683288970780024e-01 1.295319400377099583e-01
1.500000000000000000e+03 1.219368027565719409e-01 1.290994448735805766e-01
1.510000000000000000e+03 1.209710103465357345e-01 1.286712531637446699e-01
1.520000000000000000e+03 1.198888369604434456e-01 1.282472940106442749e-01
1.530000000000000000e+03 1.178439432905541567e-01 1.278274981412284017e-01
1.540000000000000000e+03 1.189939510104173759e-01 1.274117978594064005e-01
1.550000000000000000e+03 1.175008689474070916e-01 1.270001270001905047e-01
1.560000000000000000e+03 1.161365543113770799e-01 1.265924208854583288e-01
1.570000000000000000e+03 1.143484394871642773e-01 1.261886162812671797e-01
1.580000000000000000e+03 1.180313686454128874e-01 1.257886513566568998e-01
1.590000000000000000e+03 1.183876159023976443e-01 1.253924656438797913e-01
1.600000000000000000e+03 1.189284426234940711e-01 1.250000000000000000e-01
1.610000000000000000e+03 1.145405087357344448e-01 1.246111965698067092e-01
1.620000000000000000e+03 1.123316610426550038e-01 1.242259987499883117e-01
1.630000000000000000e+03 1.130664591249232326e-01 1.238443511545174874e-01
1.640000000000000000e+03 1.175496698555003328e-01 1.234661995811986990e-01
1.650000000000000000e+03 1.147037111769159540e-01 1.230914909793327239e-01
1.660000000000000000e+03 1.127607000870055470e-01 1.227201734184539955e-01
1.670000000000000000e+03 1.140719621052943972e-01 1.223521960580991053e-01
1.680000000000000000e+03 1.154383566604966910e-01 1.219875091185666505e-01
1.690000000000000000e+03 1.126783939273269808e-01 1.216260638526299731e-01
1.700000000000000000e+03 1.108931290861576574e-01 1.212678125181664845e-01
1.710000000000000000e+03 1.140013941535475972e-01 1.209127083516686185e-01
1.720000000000000000e+03 1.138583439393570512e-01 1.205607055426030361e-01
1.730000000000000000e+03 1.093883403636007196e-01 1.202117592085862469e-01
1.740000000000000000e+03 1.121664321841859407e-01 1.198658253713460325e-01
1.750000000000000000e+03 1.100709557656730092e-01 1.195228609334393621e-01
1.760000000000000000e+03 1.096155431298748706e-01 1.191828236556990439e-01
1.770000000000000000e+03 1.074725101404434002e-01 1.188456721353820938e-01
1.780000000000000000e+03 1.081158193465649453e-01 1.185113657849942992e-01
1.790000000000000000e+03 1.127257430900784896e-01 1.181798648117663580e-01
1.800000000000000000e+03 1.094778500140789895e-01 1.178511301977579195e-01
1.810000000000000000e+03 1.080636557819109611e-01 1.175251236805670979e-01
1.820000000000000000e+03 1.113814989377142212e-01 1.172018077346238529e-01
1.830000000000000000e+03 1.079485597418821108e-01 1.168811455530461008e-01
1.840000000000000000e+03 1.108946626060374890e-01 1.165631010300392234e-01
1.850000000000000000e+03 1.111912580986007537e-01 1.162476387438192704e-01
1.860000000000000000e+03 1.089403167981849163e-01 1.159347239400420754e-01
1.870000000000000000e+03 1.064589281357485595e-01 1.156243225157200794e-01
1.880000000000000000e+03 1.050369103449405594e-01 1.153164010036106246e-01
1.890000000000000000e+03 1.072154194458933563e-01 1.150109265570590372e-01
1.900000000000000000e+03 1.049938895482322443e-01 1.147078669352808722e-01
1.910000000000000000e+03 1.085848399571122530e-01 1.144071904890688746e-01
1.920000000000000000e+03 1.072266437128464034e-01 1.141088661469096127e-01
1.930000000000000000e+03 1.049710990159515578e-01 1.138128634014963503e-01
1.940000000000000000e+03 1.071028697213287917e-01 1.135191522966249589e-01
1.950000000000000000e+03 1.022231810136734614e-01 1.132277034144595768e-01
1.960000000000000000e+03 1.032329340353345809e-01 1.129384878631564115e-01
1.970000000000000000e+03 1.023816939007929083e-01 1.126514772648332247e-01
1.980000000000000000e+03 1.016611482829979513e-01 1.123666437438736870e-01
1.990000000000000000e+03 1.095894192817976343e-01 1.120839599155550731e-01
2.000000000000000000e+03 1.043527057671669867e-01 1.118033988749894819e-01
2.010000000000000000e+03 1.050070887042527379e-01 1.115249341863676219e-01
2.020000000000000000e+03 1.049689750874562427e-01 1.112485398724962077e-01
2.030000000000000000e+03 1.049495339462901689e-01 1.109741904046188249e-01
2.040000000000000000e+03 1.038372854377495047e-01 1.107018606925119220e-01
2.050000000000000000e+03 9.961214554146133326e-02 1.104315260748465338e-01
2.060000000000000000e+03 1.023555418335556910e-01 1.101631623098079382e-01
2.070000000000000000e+03 1.010009562483617923e-01 1.098967455659645015e-01
2.080000000000000000e+03 1.018137216639324327e-01 1.096322524133786641e-01
2.090000000000000000e+03 1.032332775986962159e-01 1.093696598149517807e-01
2.100000000000000000e+03 9.737824520749831236e-02 1.091089451179961950e-01
2.110000000000000000e+03 1.017000112836313613e-01 1.088500860460270281e-01
2.120000000000000000e+03 9.735043532264155142e-02 1.085930606907673512e-01
2.130000000000000000e+03 9.993652456545712437e-02 1.083378475043598743e-01
2.140000000000000000e+03 9.906180431163369438e-02 1.080844252917792375e-01
2.150000000000000000e+03 1.001469487334092079e-01 1.078327732034384118e-01
2.160000000000000000e+03 1.018064365186216180e-01 1.075828707279838092e-01
2.170000000000000000e+03 9.670326579226132258e-02 1.073346976852729562e-01
2.180000000000000000e+03 9.632956577418129440e-02 1.070882342195298292e-01
2.190000000000000000e+03 9.964762556293281504e-02 1.068434607926720542e-01
2.200000000000000000e+03 9.784211562330699663e-02 1.066003581778052073e-01
2.210000000000000000e+03 9.991141661879902880e-02 1.063589074528792505e-01
2.220000000000000000e+03 9.461978147040062126e-02 1.061190899945022165e-01
2.230000000000000000e+03 9.591826570277733888e-02 1.058808874719066873e-01
2.240000000000000000e+03 9.802757274937662357e-02 1.056442818410645718e-01
2.250000000000000000e+03 9.730915164814059326e-02 1.054092553389459896e-01
2.260000000000000000e+03 9.888876916687373841e-02 1.051757904779178077e-01
2.270000000000000000e+03 9.574030129306695946e-02 1.049438700402783725e-01
2.280000000000000000e+03 9.729948340288087361e-02 1.047134770729238745e-01
2.290000000000000000e+03 9.932590173241147291e-02 1.044845948821432197e-01
2.300000000000000000e+03 9.775017720307978275e-02 1.042572070285373853e-01
2.310000000000000000e+03 9.680321956621026902e-02 1.040312973220598736e-01
2.320000000000000000e+03 9.861610085135827375e-02 1.038068498171749593e-01
2.330000000000000000e+03 9.389745442863156599e-02 1.035838488081302078e-01
2.340000000000000000e+03 9.621189392790140127e-02 1.033622788243403895e-01
2.350000000000000000e+03 9.129360601924821350e-02 1.031421246258793362e-01
2.360000000000000000e+03 9.234243154658372532e-02 1.029233711990772820e-01
2.370000000000000000e+03 9.425555385955147747e-02 1.027060037522201236e-01
2.380000000000000000e+03 9.243592202350631171e-02 1.024900077113484742e-01
2.390000000000000000e+03 9.426297077793950596e-02 1.022753687161532810e-01
2.400000000000000000e+03 9.422911163544492319e-02 1.020620726159657543e-01
2.410000000000000000e+03 9.251919854414572542e-02 1.018501054658388083e-01
2.420000000000000000e+03 9.232553215695131488e-02 1.016394535227177071e-01
2.430000000000000000e+03 9.258339893367011075e-02 1.014301032416974196e-01
2.440000000000000000e+03 9.230708380069251040e-02 1.012220412723645047e-01
2.450000000000000000e+03 9.214247168615662120e-02 1.010152544552210679e-01
2.460000000000000000e+03 9.372542256934074389e-02 1.008097298181889756e-01
2.470000000000000000e+03 9.343010699693501953e-02 1.006054545731917133e-01
2.480000000000000000e+03 9.449861582384133651e-02 1.004024161128123510e-01
2.490000000000000000e+03 9.062600012412402872e-02 1.002006020070252829e-01
2.500000000000000000e+03 9.279561077040156258e-02 1.000000000000000056e-01
2.510000000000000000e+03 9.289536296595073128e-02 9.980059800697488326e-02
2.520000000000000000e+03 9.169961270104282081e-02 9.960238411119946844e-02
2.530000000000000000e+03 9.366683160140769349e-02 9.940534656094301980e-02
2.540000000000000000e+03 9.170279769761360833e-02 9.920947376656813477e-02
2.550000000000000000e+03 9.136319431630869625e-02 9.901475429766742886e-02
2.560000000000000000e+03 8.951685809378705228e-02 9.882117688026184621e-02
2.570000000000000000e+03 9.205026108415302610e-02 9.862873039405894993e-02
2.580000000000000000e+03 9.428674615593023167e-02 9.843740386976972123e-02
2.590000000000000000e+03 9.301746998031154567e-02 9.824718648648241015e-02
2.600000000000000000e+03 8.906517819004608483e-02 9.805806756909202226e-02
2.610000000000000000e+03 9.062874465036183103e-02 9.787003658578391496e-02
2.620000000000000000e+03 8.982708010727710746e-02 9.768308314557044847e-02
2.630000000000000000e+03 9.070815032489872032e-02 9.749719699587897082e-02
2.640000000000000000e+03 8.940439119380971800e-02 9.731236802019037346e-02
2.650000000000000000e+03 9.166623938656227877e-02 9.712858623572641348e-02
2.660000000000000000e+03 8.877296073060206294e-02 9.694584179118516387e-02
2.670000000000000000e+03 8.963125578908839874e-02 9.676412496452295453e-02
2.680000000000000000e+03 8.909893153747869277e-02 9.658342616078197107e-02
2.690000000000000000e+03 8.940873032193054348e-02 9.640373590996237363e-02
2.700000000000000000e+03 8.747638094090756655e-02 9.622504486493763110e-02
2.710000000000000000e+03 8.976833844265999507e-02 9.604734379941232136e-02
2.720000000000000000e+03 8.896306368668147058e-02 9.587062360592130128e-02
2.730000000000000000e+03 8.762565597754168323e-02 9.569487529386909441e-02
2.740000000000000000e+03 8.843556631972639137e-02 9.552008998760876113e-02
2.750000000000000000e+03 8.754781591746685354e-02 9.534625892455922402e-02
2.760000000000000000e+03 8.782801892904625041e-02 9.517337345336011889e-02
2.770000000000000000e+03 8.854684083580524612e-02 9.500142503206331079e-02
2.780000000000000000e+03 8.979643321732788674e-02 9.483040522636018710e-02
2.790000000000000000e+03 8.797410776674423338e-02 9.466030570784414455e-02
2.800000000000000000e+03 8.640191609365899250e-02 9.449111825230681327e-02
2.810000000000000000e+03 8.913688911762428224e-02 9.432283473806812868e-02
2.820000000000000000e+03 8.579392032021736225e-02 9.415544714433868312e-02
2.830000000000000000e+03 8.834003899317573183e-02 9.398894754961405196e-02
2.840000000000000000e+03 8.769061843716041693e-02 9.382332813010019201e-02
2.850000000000000000e+03 8.719884737323821411e-02 9.365858115816939888e-02
2.860000000000000000e+03 8.573442141188911125e-02 9.349469900084571294e-02
2.870000000000000000e+03 8.569015967134079037e-02 9.333167411831967686e-02
2.880000000000000000e+03 8.482697047756861120e-02 9.316949906249123725e-02
2.890000000000000000e+03 8.748774725990891843e-02 9.300816647554056849e-02
2.900000000000000000e+03 8.600291028164469553e-02 9.284766908852593037e-02
2.910000000000000000e+03 8.599566112185969002e-02 9.268799972000808796e-02
2.920000000000000000e+03 8.501726137080546641e-02 9.252915127470065504e-02
2.930000000000000000e+03 8.649433485978323677e-02 9.237111674214579238e-02
2.940000000000000000e+03 8.548002397723625245e-02 9.221388919541469165e-02
2.950000000000000000e+03 8.370373542328217453e-02 9.205746178983233163e-02
2.960000000000000000e+03 8.658977287758008734e-02 9.190182776172596546e-02
2.970000000000000000e+03 8.325971865501242963e-02 9.174698042719671431e-02
2.980000000000000000e+03 8.528858481953657811e-02 9.159291318091396239e-02
2.990000000000000000e+03 8.473200487592574826e-02 9.143961949493188690e-02
3.000000000000000000e+03 8.441704666248711630e-02 9.128709291752767907e-02
3.010000000000000000e+03 8.500808518447991458e-02 9.113532707206115080e-02
3.020000000000000000e+03 8.392939454316250547e-02 9.098431565585486658e-02
3.030000000000000000e+03 8.145320990967531982e-02 9.083405243909495330e-02
3.040000000000000000e+03 8.405590702040954820e-02 9.068453126375146389e-02
3.050000000000000000e+03 8.317734280946202652e-02 9.053574604251853064e-02
3.060000000000000000e+03 8.517463447833015233e-02 9.038769075777340622e-02
3.070000000000000000e+03 8.268502977887702554e-02 9.024035946055419810e-02
3.080000000000000000e+03 8.303679115539237821e-02 9.009374626955589382e-02
3.090000000000000000e+03 8.291220920888976720e-02 8.994784537014430259e-02
3.100000000000000000e+03 8.430171313172005187e-02 8.980265101338745504e-02
3.110000000000000000e+03 8.326566573320529074e-02 8.965815751510408660e-02
3.120000000000000000e+03 8.248832566048006076e-02 8.951435925492910728e-02
3.130000000000000000e+03 8.436288259827945391e-02 8.937125067539529455e-02
3.140000000000000000e+03 8.309722585305420739e-02 8.922882628103120939e-02
3.150000000000000000e+03 8.163922175271887127e-02 8.908708063747479422e-02
3.160000000000000000e+03 8.034425348734218486e-02 8.894600837060250009e-02
3.170000000000000000e+03 7.998816515310874786e-02 8.880560416567348514e-02
3.180000000000000000e+03 8.444802757218908273e-02 8.866586276648857901e-02
3.190000000000000000e+03 8.264217746811727827e-02 8.852677897456387446e-02
3.200000000000000000e+03 8.320756110104898795e-02 8.838834764831843271e-02
3.210000000000000000e+03 8.176127401724098132e-02 8.825056370227597757e-02
3.220000000000000000e+03 8.183245076750109148e-02 8.811342210628017591e-02
3.230000000000000000e+03 8.333855625328671912e-02 8.797691788472335184e-02
3.240000000000000000e+03 8.145801959307415185e-02 8.784104611578831545e-02
3.250000000000000000e+03 8.057747093752970491e-02 8.770580193070291741e-02
3.260000000000000000e+03 8.166267214181205381e-02 8.757118051300734340e-02
3.270000000000000000e+03 8.079923394786747703e-02 8.743717709783362102e-02
3.280000000000000000e+03 7.913162867581864657e-02 8.730378697119726972e-02
3.290000000000000000e+03 8.102477791900697390e-02 8.717100546930083016e-02
3.300000000000000000e+03 8.045247008828541879e-02 8.703882797784892600e-02
3.310000000000000000e+03 7.984571778561948274e-02 8.690724993137477483e-02
3.320000000000000000e+03 8.171649736805275399e-02 8.677626681257791241e-02
3.330000000000000000e+03 8.107104308673182547e-02 8.664587415167272766e-02
3.340000000000000000e+03 8.181268322745434418e-02 8.651606752574783621e-02
3.350000000000000000e+03 7.996198079730114372e-02 8.638684255813601498e-02
3.360000000000000000e+03 8.119387509576876660e-02 8.625819491779428139e-02
3.370000000000000000e+03 7.896671778268525566e-02 8.613012031869432539e-02
3.380000000000000000e+03 8.109939352447120831e-02 8.600261451922266986e-02
3.390000000000000000e+03 7.873748430288492195e-02 8.587567332159078137e-02
3.400000000000000000e+03 7.944840662696926736e-02 8.574929257125442350e-02
3.410000000000000000e+03 7.887702739165848576e-02 8.562346815634271080e-02
3.420000000000000000e+03 8.020296310646546356e-02 8.549819600709618328e-02
3.430000000000000000e+03 7.890138604623660179e-02 8.537347209531383208e-02
3.440000000000000000e+03 7.887647787462358229e-02 8.524929243380918731e-02
3.450000000000000000e+03 7.834775541946403798e-02 8.512565307587485752e-02
3.460000000000000000e+03 7.834736740188465165e-02 8.500255011475574274e-02
3.470000000000000000e+03 7.834354050140045211e-02 8.487997968313049091e-02
3.480000000000000000e+03 7.726235663604957837e-02 8.475793795260130881e-02
3.490000000000000000e+03 8.036616223194563424e-02 8.463642113319157223e-02
3.500000000000000000e+03 7.775253623724051599e-02 8.451542547285166573e-02
3.510000000000000000e+03 7.925264776280102619e-02 8.439494725697221922e-02
3.520000000000000000e+03 7.554840644458848953e-02 8.427498280790525487e-02
3.530000000000000000e+03 7.748337403474300777e-02 8.415552848449261991e-02
3.540000000000000000e+03 7.919356765665561126e-02 8.403658068160178851e-02
3.550000000000000000e+03 7.967887944553865565e-02 8.391813582966890783e-02
3.560000000000000000e+03 7.643080132355085932e-02 8.380019039424886629e-02
3.570000000000000000e+03 7.788590153094268609e-02 8.368274087557230068e-02
3.580000000000000000e+03 7.729150570321338676e-02 8.356578380810944506e-02
3.590000000000000000e+03 7.532588896244094001e-02 8.344931576014062713e-02
3.600000000000000000e+03 7.624427166636670028e-02 8.333333333333332871e-02
3.610000000000000000e+03 7.647880665705100722e-02 8.321783316232576888e-02
3.620000000000000000e+03 7.737635009560828170e-02 8.310281191431670433e-02
3.630000000000000000e+03 7.669278350834815572e-02 8.298826628866153021e-02
3.640000000000000000e+03 7.710414911727495046e-02 8.287419301647448722e-02
3.650000000000000000e+03 7.478094232955424803e-02 8.276058886023679451e-02
3.660000000000000000e+03 7.720099542235457635e-02 8.264745061341077781e-02
3.670000000000000000e+03 7.592720613989670242e-02 8.253477510005972906e-02
3.680000000000000000e+03 7.528994499909413829e-02 8.242255917447337266e-02
3.690000000000000000e+03 7.586858343378280467e-02 8.231079972079913265e-02
3.700000000000000000e+03 7.737470872740476180e-02 8.219949365267864572e-02
3.710000000000000000e+03 7.627234010237687878e-02 8.208863791288981138e-02
3.720000000000000000e+03 7.596479676572139017e-02 8.197822947299411578e-02
3.730000000000000000e+03 7.516816563850113597e-02 8.186826533298911801e-02
3.740000000000000000e+03 7.608130167443370728e-02 8.175874252096607120e-02
3.750000000000000000e+03 7.561772965741124508e-02 8.164965809277259512e-02
3.760000000000000000e+03 7.679996979509627619e-02 8.154100913168027542e-02
3.770000000000000000e+03 7.528219416264156361e-02 8.143279274805703682e-02
3.780000000000000000e+03 7.755587435919664152e-02 8.132500607904442902e-02
3.790000000000000000e+03 7.518385908996408351e-02 8.121764628823949228e-02
3.800000000000000000e+03 7.391588537117442514e-02 8.111071056538127211e-02
3.810000000000000000e+03 7.392549867507258732e-02 8.100419612604180253e-02
3.820000000000000000e+03 7.430571818190362388e-02 8.089810021132169682e-02
3.830000000000000000e+03 7.358231394630684874e-02 8.079242008754988769e-02
3.840000000000000000e+03 7.415443806714681896e-02 8.068715304598784999e-02
3.850000000000000000e+03 7.453475818363577976e-02 8.058229640253802839e-02
3.860000000000000000e+03 7.326782336217353697e-02 8.047784749745630350e-02
3.870000000000000000e+03 7.523455012444277279e-02 8.037380369506869071e-02
3.880000000000000000e+03 7.432038322695017074e-02 8.027016238349195254e-02
3.890000000000000000e+03 7.509643200215705694e-02 8.016692097435822173e-02
3.900000000000000000e+03 7.251349705219656272e-02 8.006407690254356557e-02
3.910000000000000000e+03 7.272886216969023931e-02 7.996162762590015849e-02
3.920000000000000000e+03 7.320359258030006977e-02 7.985957062499247916e-02
3.930000000000000000e+03 7.396901677497398631e-02 7.975790340283704649e-02
3.940000000000000000e+03 7.444701498195550882e-02 7.965662348464576381e-02
3.950000000000000000e+03 7.466197227579027262e-02 7.955572841757301006e-02
3.960000000000000000e+03 7.466129154167719384e-02 7.945521577046602002e-02
3.970000000000000000e+03 7.359644100906227726e-02 7.935508313361895605e-02
3.980000000000000000e+03 7.192284266524334724e-02 7.925532811853017168e-02
3.990000000000000000e+03 7.373376466904062176e-02 7.915594835766294468e-02
4.000000000000000000e+03 7.218124521753381539e-02 7.905694150420948529e-02
4.010000000000000000e+03 7.157606492995191583e-02 7.895830523185817795e-02
4.020000000000000000e+03 7.404914238498470913e-02 7.886003723456397330e-02
4.030000000000000000e+03 7.357154357439280035e-02 7.876213522632198594e-02
4.040000000000000000e+03 7.244957851530933746e-02 7.866459694094407595e-02
4.050000000000000000e+03 7.276596317073334708e-02 7.856742013183860840e-02
4.060000000000000000e+03 7.463669653850038554e-02 7.847060257179305776e-02
4.070000000000000000e+03 7.303739287552904469e-02 7.837414205275960999e-02
4.080000000000000000e+03 7.261593954281884977e-02 7.827803638564369282e-02
4.090000000000000000e+03 7.270652258728672879e-02 7.818228340009526767e-02
4.100000000000000000e+03 7.104657787198477570e-02 7.808688094430303595e-02
4.110000000000000000e+03 7.310969670523445596e-02 7.799182688479128212e-02
4.120000000000000000e+03 7.090868847249617857e-02 7.789711910621947843e-02
4.130000000000000000e+03 7.283195157752792026e-02 7.780275551118463750e-02
4.140000000000000000e+03 7.092861434973851686e-02 7.770873402002614894e-02
4.150000000000000000e+03 7.234932781626597642e-02 7.761505257063329444e-02
4.160000000000000000e+03 7.239185133701100949e-02 7.752170911825528865e-02
4.170000000000000000e+03 7.064844648912536884e-02 7.742870163531385963e-02
4.180000000000000000e+03 7.004588464084039734e-02 7.733602811121824405e-02
4.190000000000000000e+03 7.169802766163736740e-02 7.724368655218261104e-02
4.200000000000000000e+03 7.121094735682462207e-02 7.715167498104595623e-02
4.210000000000000000e+03 7.026315950712053171e-02 7.705999143709423016e-02
4.220000000000000000e+03 7.174546552769195396e-02 7.696863397588490918e-02
4.230000000000000000e+03 7.026078888244248477e-02 7.687760066907375900e-02
4.240000000000000000e+03 7.093407063940075641e-02 7.678688960424390197e-02
4.250000000000000000e+03 7.117670928155957200e-02 7.669649888473704935e-02
4.260000000000000000e+03 7.188409138235048179e-02 7.660642662948694004e-02
4.270000000000000000e+03 7.159563080602356078e-02 7.651667097285498598e-02
4.280000000000000000e+03 7.020098045740960635e-02 7.642723006446788814e-02
4.290000000000000000e+03 7.066277535018367084e-02 7.633810206905740359e-02
4.300000000000000000e+03 7.070623732139955098e-02 7.624928516630233299e-02
4.310000000000000000e+03 6.965923751031941058e-02 7.616077755067217347e-02
4.320000000000000000e+03 7.110800836841033035e-02 7.607257743127307514e-02
4.330000000000000000e+03 7.025170009663023185e-02 7.598468303169561566e-02
4.340000000000000000e+03 7.052987301531984943e-02 7.589709258986453155e-02
4.350000000000000000e+03 7.045214651309557319e-02 7.580980435789035077e-02
4.360000000000000000e+03 6.963415788654711558e-02 7.572281660192282937e-02
4.370000000000000000e+03 6.887213616100629210e-02 7.563612760200645602e-02
4.380000000000000000e+03 6.948387211283928167e-02 7.554973565193742746e-02
4.390000000000000000e+03 7.078410935519621749e-02 7.546363905912276127e-02
4.400000000000000000e+03 6.964600845825026643e-02 7.537783614444089342e-02
4.410000000000000000e+03 7.033957568769683144e-02 7.529232524210427435e-02
4.420000000000000000e+03 6.982338775607487003e-02 7.520710469952335275e-02
4.430000000000000000e+03 6.882593038746552538e-02 7.512217287717261327e-02
4.440000000000000000e+03 6.991242686744403301e-02 7.503752814845801589e-02
4.450000000000000000e+03 6.902182158152102287e-02 7.495316889958614226e-02
4.460000000000000000e+03 6.921090312304800651e-02 7.486909352943497964e-02
4.470000000000000000e+03 7.035455314166538798e-02 7.478530044942630073e-02
4.480000000000000000e+03 6.923848867420406838e-02 7.470178808339959786e-02
4.490000000000000000e+03 6.886090704910614868e-02 7.461855486748754374e-02
4.500000000000000000e+03 6.877124646924483165e-02 7.453559924999299258e-02
4.510000000000000000e+03 7.008566122734698201e-02 7.445291969126746623e-02
4.520000000000000000e+03 6.837513098506187159e-02 7.437051466359120844e-02
4.530000000000000000e+03 6.961945034474203986e-02 7.428838265105447425e-02
4.540000000000000000e+03 6.866596962387096215e-02 7.420652214944059577e-02
4.550000000000000000e+03 6.962922005807077597e-02 7.412493166611011652e-02
4.560000000000000000e+03 6.869235899662388956e-02 7.404360971988653561e-02
4.570000000000000000e+03 6.863430932698091902e-02 7.396255484094342580e-02
4.580000000000000000e+03 6.778357603519938324e-02 7.388176557069270345e-02
4.590000000000000000e+03 6.839823654205420822e-02 7.380124046167461926e-02
4.600000000000000000e+03 6.745105198333481433e-02 7.372097807744856790e-02
4.610000000000000000e+03 6.743617282319518125e-02 7.364097699248570161e-02
4.620000000000000000e+03 6.801579726163065054e-02 7.356123579206245988e-02
4.630000000000000000e+03 6.678232193282421236e-02 7.348175307215551455e-02
4.640000000000000000e+03 6.782291354933099592e-02 7.340252743933793622e-02
4.650000000000000000e+03 6.786819967693144551e-02 7.332355751067663741e-02
4.660000000000000000e+03 6.642292785292024104e-02 7.324484191363095364e-02
4.670000000000000000e+03 6.827743681114160912e-02 7.316637928595240425e-02
4.680000000000000000e+03 6.699593349862462133e-02 7.308816827558575757e-02
4.690000000000000000e+03 6.606072210231744846e-02 7.301020754057113704e-02
4.700000000000000000e+03 6.830121740641001415e-02 7.293249574894727916e-02
4.710000000000000000e+03 6.812361527681229378e-02 7.285503157865601265e-02
4.720000000000000000e+03 6.796002362264838559e-02 7.277781371744775074e-02
4.730000000000000000e+03 6.651802415782742672e-02 7.270084086278814917e-02
4.740000000000000000e+03 6.695287328590297793e-02 7.262411172176584662e-02
4.750000000000000000e+03 6.723369807527387887e-02 7.254762501100116279e-02
4.760000000000000000e+03 6.708384837031237946e-02 7.247137945655605928e-02
4.770000000000000000e+03 6.629507859300318162e-02 7.239537379384489157e-02
4.780000000000000000e+03 6.676359649962622378e-02 7.231960676754646544e-02
4.790000000000000000e+03 6.692236915865655555e-02 7.224407713151682897e-02
4.800000000000000000e+03 6.642428367478978024e-02 7.216878364870321638e-02
4.810000000000000000e+03 6.676082543407542425e-02 7.209372509105904658e-02
4.820000000000000000e+03 6.678140958582040598e-02 7.201890023945967112e-02
4.830000000000000000e+03 6.748883761529489433e-02 7.194430788361927398e-02
4.840000000000000000e+03 6.728379504373772912e-02 7.186994682200861795e-02
4.850000000000000000e+03 6.574843440125020810e-02 7.179581586177380403e-02
4.860000000000000000e+03 6.676786097092118899e-02 7.172191381865587745e-02
4.870000000000000000e+03 6.616444565870528705e-02 7.164823951691129400e-02
4.880000000000000000e+03 6.604681984955707019e-02 7.157479178923353835e-02
4.890000000000000000e+03 6.617016838945018187e-02 7.150156947667520024e-02
4.900000000000000000e+03 6.636422345521671151e-02 7.142857142857142461e-02
4.910000000000000000e+03 6.511412744438181688e-02 7.135579650246375027e-02
4.920000000000000000e+03 6.698088223661807783e-02 7.128324356402512829e-02
4.930000000000000000e+03 6.592616754020273750e-02 7.121091148698563411e-02
4.940000000000000000e+03 6.556099894507312620e-02 7.113879915305902635e-02
4.950000000000000000e+03 6.419777415144509169e-02 7.106690545187015207e-02
4.960000000000000000e+03 6.605696118960698027e-02 7.099522928088310147e-02
4.970000000000000000e+03 6.591017367868853838e-02 7.092376954533025080e-02
4.980000000000000000e+03 6.505210446091753973e-02 7.085252515814195740e-02
4.990000000000000000e+03 6.548852419352597931e-02 7.078149503987719859e-02
