-5.0 3.898171832519376e-17 3.898171832519376e-17 0 0
-4.9 0.02007411516496862 0.02007411516496862 0.0010037057582485964 0.0010037057582484282
-4.800000000000001 0.03897872015785989 0.03897872015785989 0.003956347524389794 0.0039563475243898395
-4.700000000000001 0.05479108668090241 0.05479108668090241 0.00864483786632797 0.008644837866327935
-4.600000000000001 0.06581101988179613 0.06581101988179613 0.014674943194462914 0.014674943194462838
-4.500000000000002 0.07073553026306457 0.07073553026306457 0.02150227070170594 0.02150227070170585
-4.400000000000002 0.06880242987642347 0.06880242987642347 0.02847916870868035 0.028479168708680228
-4.3000000000000025 0.059887931953544894 0.059887931953544894 0.03491368680017875 0.034913686800178624
-4.200000000000003 0.04454710875184044 0.04454710875184044 0.04013543883544776 0.04013543883544787
-4.100000000000003 0.023991015684963316 0.023991015684963316 0.04356234505728801 0.043562345057288045
-4.0000000000000036 8.083811398051921e-16 8.091661967317434e-16 0.04476189584153634 0.04476189584153625
-3.900000000000004 -0.025221324181626384 -0.02522132418162638 0.043500829632454996 0.04350082963245499
-3.8000000000000043 -0.04923627809413791 -0.04923627809413791 0.03977794951866677 0.03977794951866678
-3.7000000000000046 -0.06959948848655109 -0.06959948848655109 0.033836161189632355 0.03383616118963236
-3.600000000000005 -0.08409185873785023 -0.08409185873785023 0.026151593828412346 0.02615159382841233
-3.5000000000000053 -0.09094568176679721 -0.09094568176679721 0.01739971680318003 0.017399716803179987
-3.4000000000000057 -0.08903843866360707 -0.08903843866360707 0.008400510781659837 0.008400510781659806
-3.300000000000006 -0.07803579012128638 -0.07803579012128638 4.679934241523173e-05 4.679934241516581e-05
-3.2000000000000064 -0.05846808023679136 -0.05846808023679136 -0.006778394175488599 -0.006778394175488695
-3.1000000000000068 -0.03173005300269443 -0.03173005300269443 -0.011288300837462874 -0.011288300837462968
-3.000000000000007 -2.4077961846558082e-15 -2.411223369617065e-15 -0.01287480348759774 -0.012874803487597794
-2.9000000000000075 0.033918332520117056 0.033918332520117056 -0.011178886861592099 -0.011178886861592062
-2.800000000000008 0.06682066312775749 0.06682066312775749 -0.006141937079198381 -0.006141937079198364
-2.700000000000008 0.09537707681490244 0.09537707681490244 0.0019679499179346867 0.0019679499179345973
-2.6000000000000085 0.11643488132933047 0.11643488132933047 0.01255854782514625 0.012558547825146212
-2.500000000000009 0.12732395447351583 0.12732395447351583 0.02474648961528853 0.024746489615288487
-2.4000000000000092 0.12613778810677687 0.12613778810677687 0.037419576744303115 0.037419576744303074
-2.3000000000000096 0.11196439452184628 0.11196439452184628 0.0493246858757342 0.04932468587573419
-2.20000000000001 0.08504448034442495 0.08504448034442495 0.05917512961904782 0.0591751296190477
-2.1000000000000103 0.04683960205159796 0.04683960205159796 0.06576933373884879 0.06576933373884881
-2.0000000000000107 5.336009412104659e-15 5.332621743702051e-15 0.06811131384142903 0.06811131384142897
-1.900000000000011 -0.051770086478071374 -0.051770086478071374 0.06552280951752569 0.06552280951752568
-1.8000000000000114 -0.10394325375428753 -0.10394325375428753 0.05773714250590779 0.05773714250590776
-1.7000000000000117 -0.15148123964719612 -0.15148123964719612 0.044965917835833744 0.04496591783583362
-1.600000000000012 -0.18920668216016048 -0.18920668216016048 0.027931521745465926 0.027931521745465846
-1.5000000000000124 -0.21220659078919202 -0.21220659078919202 0.007860858097998379 0.007860858097998292
-1.4000000000000128 -0.21623620818304568 -0.21623620818304568 -0.013561281850613428 -0.013561281850613515
-1.3000000000000131 -0.1980908518463438 -0.1980908518463438 -0.03427763485208282 -0.03427763485208292
-1.2000000000000135 -0.1559148806314472 -0.1559148806314472 -0.05197792147597231 -0.051977921475972404
-1.1000000000000139 -0.08942105846214408 -0.08942105846214408 -0.06424471843065185 -0.06424471843065192
-1.0000000000000142 -1.4238610290817633e-14 -1.4238174851799723e-14 -0.06871577135375971 -0.06871577135375982
-0.9000000000000146 0.10929240478703467 0.10929240478703467 -0.06325115111440868 -0.06325115111440882
-0.8000000000000149 0.23387232094714028 0.23387232094714028 -0.046092914827700004 -0.046092914827700115
-0.7000000000000153 0.3678830105717534 0.3678830105717534 -0.016005148251755447 -0.016005148251755544
-0.6000000000000156 0.5045511524270835 0.5045511524270835 0.027616559898186233 0.027616559898186135
-0.500000000000016 0.6366197723675611 0.6366197723675611 0.08467510613791826 0.08467510613791815
-0.40000000000001634 0.7568267286406387 0.7568267286406387 0.154347431188328 0.1543474311883279
-0.3000000000000167 0.8583936913341247 0.8583936913341247 0.23510845218706589 0.23510845218706578
-0.20000000000001705 0.9354892837886283 0.9354892837886283 0.32480260094320323 0.3248026009432031
-0.10000000000001741 0.9836316430834603 0.9836316430834603 0.42075864728680734 0.42075864728680723
-1.7763568394002505e-14 1.0 1.0 0.5199402294409801 0.5199402294409798
0.09999999999998188 0.9836316430834718 0.9836316430834718 0.6191218115951533 0.6191218115951531
0.19999999999998153 0.9354892837886508 0.9354892837886508 0.7150778579387591 0.7150778579387589
0.29999999999998117 0.8583936913341568 0.8583936913341568 0.8047720066948991 0.8047720066948989
0.3999999999999808 0.7568267286406785 0.7568267286406785 0.8855330276936406 0.8855330276936404
0.49999999999998046 0.6366197723676063 0.6366197723676063 0.9552053527440546 0.9552053527440544
0.5999999999999801 0.5045511524271316 0.5045511524271316 1.0122638989837913 1.012263898983791
0.6999999999999797 0.3678830105718018 0.3678830105718018 1.055885607133738 1.0558856071337377
0.7999999999999794 0.23387232094718668 0.23387232094718668 1.0859733737096873 1.085973373709687
0.899999999999979 0.10929240478707644 0.10929240478707646 1.1031316099964004 1.1031316099964001
0.9999999999999787 2.1385671011842078e-14 2.138403758059192e-14 1.1085962302357553 1.108596230235755
1.0999999999999783 -0.08942105846211629 -0.08942105846211629 1.1041251773126506 1.1041251773126504
1.199999999999978 -0.1559148806314278 -0.1559148806314278 1.0918583803579733 1.0918583803579731
1.2999999999999776 -0.19809085184633324 -0.19809085184633324 1.0741580937340853 1.074158093734085
1.3999999999999773 -0.21623620818304334 -0.21623620818304334 1.0534417407326166 1.0534417407326164
1.499999999999977 -0.21220659078919707 -0.21220659078919707 1.0320196007840048 1.0320196007840046
1.5999999999999766 -0.18920668216017156 -0.18920668216017156 1.0119489371365364 1.0119489371365362
1.6999999999999762 -0.1514812396472115 -0.1514812396472115 0.9949145410461673 0.9949145410461672
1.7999999999999758 -0.10394325375430545 -0.10394325375430545 0.9821433163760915 0.9821433163760913
1.8999999999999755 -0.05177008647809018 -0.05177008647809017 0.9743576493644718 0.9743576493644716
1.9999999999999751 -1.2476131239225197e-14 -1.247848447249377e-14 0.9717691450405666 0.9717691450405664
2.0999999999999748 0.04683960205158275 0.04683960205158275 0.9741111251431451 0.9741111251431449
2.1999999999999744 0.08504448034441332 0.08504448034441332 0.9807053292629447 0.9807053292629447
2.299999999999974 0.11196439452183893 0.11196439452183893 0.9905557730062574 0.9905557730062573
2.3999999999999737 0.12613778810677415 0.12613778810677415 1.002460882137688 1.002460882137688
2.4999999999999734 0.12732395447351763 0.12732395447351763 1.0151339692667025 1.0151339692667025
2.599999999999973 0.11643488132933631 0.11643488132933631 1.0273219110568452 1.0273219110568452
2.6999999999999726 0.09537707681491131 0.09537707681491131 1.0379125089640575 1.0379125089640575
2.7999999999999723 0.06682066312776863 0.06682066312776863 1.0460223959611916 1.0460223959611914
2.899999999999972 0.03391833252012916 0.03391833252012916 1.0510593457435866 1.0510593457435862
2.9999999999999716 9.46465128492946e-15 9.462847441180147e-15 1.0527552623695935 1.052755262369593
3.0999999999999712 -0.03173005300268386 -0.03173005300268386 1.0511687597194597 1.0511687597194592
3.199999999999971 -0.058468080236783015 -0.058468080236783015 1.0466588530574863 1.0466588530574858
3.2999999999999705 -0.07803579012128088 -0.07803579012128088 1.0398336595395832 1.0398336595395827
3.39999999999997 -0.08903843866360475 -0.08903843866360475 1.031479948100339 1.0314799481003385
3.49999999999997 -0.09094568176679811 -0.09094568176679811 1.022480742078819 1.0224807420788184
3.5999999999999694 -0.08409185873785413 -0.08409185873785413 1.0137288650535863 1.0137288650535858
3.699999999999969 -0.06959948848655742 -0.06959948848655742 1.0060442976923658 1.0060442976923654
3.7999999999999687 -0.04923627809414595 -0.04923627809414595 1.0001025093633307 1.0001025093633302
3.8999999999999684 -0.025221324181635297 -0.025221324181635297 0.9963796292495416 0.9963796292495412
3.999999999999968 -8.094219738907782e-15 -8.096386911366169e-15 0.9951185630404593 0.995118563040459
4.099999999999968 0.02399101568495526 0.02399101568495526 0.9963181138247068 0.9963181138247064
4.199999999999967 0.04454710875183395 0.04454710875183395 0.9997450200465463 0.9997450200465459
4.299999999999967 0.05988793195354059 0.05988793195354059 1.0049667720818147 1.0049667720818145
4.399999999999967 0.06880242987642153 0.06880242987642153 1.0114012901733127 1.0114012901733125
4.499999999999966 0.07073553026306513 0.07073553026306513 1.0183781881802871 1.0183781881802867
4.599999999999966 0.06581101988179903 0.06581101988179903 1.0252055156875304 1.02520551568753
4.6999999999999655 0.05479108668090728 0.05479108668090728 1.0312356210156657 1.0312356210156652
4.799999999999965 0.03897872015786619 0.03897872015786619 1.0359241113576043 1.0359241113576039
4.899999999999965 0.02007411516497568 0.02007411516497568 1.0388767531237462 1.038876753123746
