2.300000000000000100e-01 4.537678278044049662e+00
2.395495495495495453e-01 4.527840521961118192e+00
2.490990990990991083e-01 4.518031956927450743e+00
2.586486486486486713e-01 4.508252496326002223e+00
2.681981981981982344e-01 4.498502053796742395e+00
2.777477477477477419e-01 4.488780543235892040e+00
2.872972972972973049e-01 4.479087878795164457e+00
2.968468468468468680e-01 4.469423974881003403e+00
3.063963963963963755e-01 4.459788746153833472e+00
3.159459459459459385e-01 4.450182107527298037e+00
3.254954954954955015e-01 4.440603974167517620e+00
3.350450450450450646e-01 4.431054261492332280e+00
3.445945945945946276e-01 4.421532885170559979e+00
3.541441441441441351e-01 4.412039761121248738e+00
3.636936936936936982e-01 4.402574805512937672e+00
3.732432432432432057e-01 4.393137934762912700e+00
3.827927927927927687e-01 4.383729065536471126e+00
3.923423423423423317e-01 4.374348114746182681e+00
4.018918918918918948e-01 4.364994999551162103e+00
4.114414414414414578e-01 4.355669637356330171e+00
4.209909909909910208e-01 4.346371945811688953e+00
4.305405405405405839e-01 4.337101842811593500e+00
4.400900900900900914e-01 4.327859246494024426e+00
4.496396396396395989e-01 4.318644075239870261e+00
4.591891891891891619e-01 4.309456247672201812e+00
4.687387387387387250e-01 4.300295682655556284e+00
4.782882882882882880e-01 4.291162299295216975e+00
4.878378378378378510e-01 4.282056016936506282e+00
4.973873873873874141e-01 4.272976755164065388e+00
5.069369369369369771e-01 4.263924433801149050e+00
5.164864864864864291e-01 4.254898972908916832e+00
5.260360360360359921e-01 4.245900292785723451e+00
5.355855855855855552e-01 4.236928313966423332e+00
5.451351351351351182e-01 4.227982957221659177e+00
5.546846846846846812e-01 4.219064143557167412e+00
5.642342342342342443e-01 4.210171794213081853e+00
5.737837837837838073e-01 4.201305830663235596e+00
5.833333333333333703e-01 4.192466174614466468e+00
5.928828828828828224e-01 4.183652748005929567e+00
6.024324324324323854e-01 4.174865473008404493e+00
6.119819819819819484e-01 4.166104272023609667e+00
6.215315315315315114e-01 4.157369067683518438e+00
6.310810810810810745e-01 4.148659782849669853e+00
6.406306306306306375e-01 4.139976340612497197e+00
6.501801801801802005e-01 4.131318664290639653e+00
6.597297297297297636e-01 4.122686677430269064e+00
6.692792792792792156e-01 4.114080303804417582e+00
6.788288288288287786e-01 4.105499467412298209e+00
6.883783783783783417e-01 4.096944092478639554e+00
6.979279279279279047e-01 4.088414103453012594e+00
7.074774774774774677e-01 4.079909425009164536e+00
7.170270270270270307e-01 4.071429982044357132e+00
7.265765765765765938e-01 4.062975699678696095e+00
7.361261261261260458e-01 4.054546503254478296e+00
7.456756756756756088e-01 4.046142318335527399e+00
7.552252252252251719e-01 4.037763070706534840e+00
7.647747747747747349e-01 4.029408686372410564e+00
7.743243243243242979e-01 4.021079091557624885e+00
7.838738738738738610e-01 4.012774212705558341e+00
7.934234234234234240e-01 4.004493976477851547e+00
8.029729729729728760e-01 3.996238309753760376e+00
8.125225225225224390e-01 3.988007139629504927e+00
8.220720720720720021e-01 3.979800393417630033e+00
8.316216216216215651e-01 3.971617998646363112e+00
8.411711711711711281e-01 3.963459883058972011e+00
8.507207207207206912e-01 3.955325974613128182e+00
8.602702702702702542e-01 3.947216201480271636e+00
8.698198198198198172e-01 3.939130492044974119e+00
8.793693693693693803e-01 3.931068774904308505e+00
8.889189189189188323e-01 3.923030978867217300e+00
8.984684684684683953e-01 3.915017032953885590e+00
9.080180180180179583e-01 3.907026866395111320e+00
9.175675675675675214e-01 3.899060408631684460e+00
9.271171171171170844e-01 3.891117589313759950e+00
9.366666666666666474e-01 3.883198338300237751e+00
9.462162162162162105e-01 3.875302585658145560e+00
9.557657657657656625e-01 3.867430261662017088e+00
9.653153153153152255e-01 3.859581296793280103e+00
9.748648648648647885e-01 3.851755621739641811e+00
9.844144144144143516e-01 3.843953167394475123e+00
9.939639639639639146e-01 3.836173864856208482e+00
1.003513513513513589e+00 3.828417645427720117e+00
1.013063063063063041e+00 3.820684440615727873e+00
1.022612612612612715e+00 3.812974182130187906e+00
1.032162162162162167e+00 3.805286801883688952e+00
1.041711711711711619e+00 3.797622231990851027e+00
1.051261261261261293e+00 3.789980404767727684e+00
1.060810810810810745e+00 3.782361252731207379e+00
1.070360360360360419e+00 3.774764708598416618e+00
1.079909909909909871e+00 3.767190705286130203e+00
1.089459459459459545e+00 3.759639175910169939e+00
1.099009009009008997e+00 3.752110053784823762e+00
1.108558558558558449e+00 3.744603272422251550e+00
1.118108108108108123e+00 3.737118765531898035e+00
1.127657657657657575e+00 3.729656467019910160e+00
1.137207207207207249e+00 3.722216310988549104e+00
1.146756756756756701e+00 3.714798231735612966e+00
1.156306306306306375e+00 3.707402163753854119e+00
1.165855855855855827e+00 3.700028041730401007e+00
1.175405405405405501e+00 3.692675800546179943e+00
1.184954954954954953e+00 3.685345375275344004e+00
1.194504504504504405e+00 3.678036701184695723e+00
1.204054054054054079e+00 3.670749713733118647e+00
1.213603603603603531e+00 3.663484348571003579e+00
1.223153153153153205e+00 3.656240541539682809e+00
1.232702702702702657e+00 3.649018228670865227e+00
1.242252252252252109e+00 3.641817346186067894e+00
1.251801801801801783e+00 3.634637830496053823e+00
1.261351351351351235e+00 3.627479618200272427e+00
1.270900900900900909e+00 3.620342646086297300e+00
1.280450450450450361e+00 3.613226851129268447e+00
1.290000000000000036e+00 3.606132170491337163e+00
1.299549549549549488e+00 3.599058541521111820e+00
1.309099099099098940e+00 3.592005901753097419e+00
1.318648648648648614e+00 3.584974188907154691e+00
1.328198198198198066e+00 3.577963340887944099e+00
1.337747747747747740e+00 3.570973295784376056e+00
1.347297297297297192e+00 3.564003991869068244e+00
1.356846846846846866e+00 3.557055367597797613e+00
1.366396396396396318e+00 3.550127361608960364e+00
1.375945945945945770e+00 3.543219912723023945e+00
1.385495495495495444e+00 3.536332959941994147e+00
1.395045045045044896e+00 3.529466442448870644e+00
1.404594594594594570e+00 3.522620299607113203e+00
1.414144144144144022e+00 3.515794470960104334e+00
1.423693693693693696e+00 3.508988896230616383e+00
1.433243243243243148e+00 3.502203515320281291e+00
1.442792792792792822e+00 3.495438268309054131e+00
1.452342342342342274e+00 3.488693095454689086e+00
1.461891891891891726e+00 3.481967937192211870e+00
1.471441441441441400e+00 3.475262734133389486e+00
1.480990990990990852e+00 3.468577427066210639e+00
1.490540540540540526e+00 3.461911956954359049e+00
1.500090090090089978e+00 3.455266264936694753e+00
1.509639639639639652e+00 3.448640292326733636e+00
1.519189189189189104e+00 3.442033980612127841e+00
1.528738738738738778e+00 3.435447271454150631e+00
1.538288288288288230e+00 3.428880106687180351e+00
1.547837837837837682e+00 3.422332428318186182e+00
1.557387387387387356e+00 3.415804178526220092e+00
1.566936936936936808e+00 3.409295299661900813e+00
1.576486486486486482e+00 3.402805734246906688e+00
1.586036036036035934e+00 3.396335424973467632e+00
1.595585585585585608e+00 3.389884314703863311e+00
1.605135135135135060e+00 3.383452346469911554e+00
1.614684684684684512e+00 3.377039463472470970e+00
1.624234234234234187e+00 3.370645609080936467e+00
1.633783783783783639e+00 3.364270726832740088e+00
1.643333333333333313e+00 3.357914760432850976e+00
1.652882882882882765e+00 3.351577653753282426e+00
1.662432432432432439e+00 3.345259350832590073e+00
1.671981981981981891e+00 3.338959795875384273e+00
1.681531531531531343e+00 3.332678933251830067e+00
1.691081081081081017e+00 3.326416707497163117e+00
1.700630630630630469e+00 3.320173063311196771e+00
1.710180180180180143e+00 3.313947945557830899e+00
1.719729729729729595e+00 3.307741299264570500e+00
1.729279279279279269e+00 3.301553069622035430e+00
1.738828828828828721e+00 3.295383201983481669e+00
1.748378378378378395e+00 3.289231641864311939e+00
1.757927927927927847e+00 3.283098334941599639e+00
1.767477477477477299e+00 3.276983227053610115e+00
1.777027027027026973e+00 3.270886264199313942e+00
1.786576576576576425e+00 3.264807392537923292e+00
1.796126126126126099e+00 3.258746558388402548e+00
1.805675675675675551e+00 3.252703708229007340e+00
1.815225225225225225e+00 3.246678788696800488e+00
1.824774774774774677e+00 3.240671746587187485e+00
1.834324324324324351e+00 3.234682528853445760e+00
1.843873873873873803e+00 3.228711082606254834e+00
1.853423423423423255e+00 3.222757355113230027e+00
1.862972972972972929e+00 3.216821293798456161e+00
1.872522522522522381e+00 3.210902846242024822e+00
1.882072072072072055e+00 3.205001960179568066e+00
1.891621621621621507e+00 3.199118583501802782e+00
1.901171171171171181e+00 3.193252664254063511e+00
1.910720720720720633e+00 3.187404150635850364e+00
1.920270270270270085e+00 3.181572991000364947e+00
1.929819819819819759e+00 3.175759133854059613e+00
1.939369369369369211e+00 3.169962527856181378e+00
1.948918918918918886e+00 3.164183121818315847e+00
1.958468468468468338e+00 3.158420864703939124e+00
1.968018018018018012e+00 3.152675705627964842e+00
1.977567567567567464e+00 3.146947593856294745e+00
1.987117117117116916e+00 3.141236478805370602e+00
1.996666666666666590e+00 3.135542310041730119e+00
2.006216216216216264e+00 3.129865037281557072e+00
2.015765765765765938e+00 3.124204610390242109e+00
2.025315315315315168e+00 3.118560979381935105e+00
2.034864864864864842e+00 3.112934094419109066e+00
2.044414414414414516e+00 3.107323905812116038e+00
2.053963963963964190e+00 3.101730364018747466e+00
2.063513513513513420e+00 3.096153419643802529e+00
2.073063063063063094e+00 3.090593023438644060e+00
2.082612612612612768e+00 3.085049126300771771e+00
2.092162162162161998e+00 3.079521679273382162e+00
2.101711711711711672e+00 3.074010633544938642e+00
2.111261261261261346e+00 3.068515940448741652e+00
2.120810810810811020e+00 3.063037551462497454e+00
2.130360360360360250e+00 3.057575418207888696e+00
2.139909909909909924e+00 3.052129492450149861e+00
2.149459459459459598e+00 3.046699726097639171e+00
2.159009009009008828e+00 3.041286071201415364e+00
2.168558558558558502e+00 3.035888479954811814e+00
2.178108108108108176e+00 3.030506904693018200e+00
2.187657657657657850e+00 3.025141297892655956e+00
2.197207207207207080e+00 3.019791612171361272e+00
2.206756756756756754e+00 3.014457800287363654e+00
2.216306306306306428e+00 3.009139815139072915e+00
2.225855855855855658e+00 3.003837609764659966e+00
2.235405405405405332e+00 2.998551137341642026e+00
2.244954954954955006e+00 2.993280351186470511e+00
2.254504504504504236e+00 2.988025204754120256e+00
2.264054054054053911e+00 2.982785651637674285e+00
2.273603603603603585e+00 2.977561645567918358e+00
2.283153153153153259e+00 2.972353140412928418e+00
2.292702702702702489e+00 2.967160090177667797e+00
2.302252252252252163e+00 2.961982449003575546e+00
2.311801801801801837e+00 2.956820171168166311e+00
2.321351351351351067e+00 2.951673211084623993e+00
2.330900900900900741e+00 2.946541523301400289e+00
2.340450450450450415e+00 2.941425062501811905e+00
2.350000000000000089e+00 2.936323783503642204e+00
2.359549549549549319e+00 2.931237641258741533e+00
2.369099099099098993e+00 2.926166590852627980e+00
2.378648648648648667e+00 2.921110587504093026e+00
2.388198198198197897e+00 2.916069586564804972e+00
2.397747747747747571e+00 2.911043543518913701e+00
2.407297297297297245e+00 2.906032413982660323e+00
2.416846846846846919e+00 2.901036153703981491e+00
2.426396396396396149e+00 2.896054718562123043e+00
2.435945945945945823e+00 2.891088064567246541e+00
2.445495495495495497e+00 2.886136147860041135e+00
2.455045045045044727e+00 2.881198924711339870e+00
2.464594594594594401e+00 2.876276351521729335e+00
2.474144144144144075e+00 2.871368384821166408e+00
2.483693693693693749e+00 2.866474981268595457e+00
2.493243243243242979e+00 2.861596097651563753e+00
2.502792792792792653e+00 2.856731690885839114e+00
2.512342342342342327e+00 2.851881718015033762e+00
2.521891891891891557e+00 2.847046136210220180e+00
2.531441441441441231e+00 2.842224902769554973e+00
2.540990990990990905e+00 2.837417975117902280e+00
2.550540540540540579e+00 2.832625310806456298e+00
2.560090090090089809e+00 2.827846867512369577e+00
2.569639639639639483e+00 2.823082603038372884e+00
2.579189189189189158e+00 2.818332475312410601e+00
2.588738738738738832e+00 2.813596442387264140e+00
2.598288288288288062e+00 2.808874462440181574e+00
2.607837837837837736e+00 2.804166493772509927e+00
2.617387387387387410e+00 2.799472494809326584e+00
2.626936936936936640e+00 2.794792424099073358e+00
2.636486486486486314e+00 2.790126240313186123e+00
2.646036036036035988e+00 2.785473902245734656e+00
2.655585585585585662e+00 2.780835368813057151e+00
2.665135135135134892e+00 2.776210599053397399e+00
2.674684684684684566e+00 2.771599552126540189e+00
2.684234234234234240e+00 2.767002187313456485e+00
2.693783783783783470e+00 2.762418464015938824e+00
2.703333333333333144e+00 2.757848341756245603e+00
2.712882882882882818e+00 2.753291780176741810e+00
2.722432432432432492e+00 2.748748739039544198e+00
2.731981981981981722e+00 2.744219178226164679e+00
2.741531531531531396e+00 2.739703057737157721e+00
2.751081081081081070e+00 2.735200337691763739e+00
2.760630630630630300e+00 2.730710978327561822e+00
2.770180180180179974e+00 2.726234940000114459e+00
2.779729729729729648e+00 2.721772183182619376e+00
2.789279279279279322e+00 2.717322668465559588e+00
2.798828828828828552e+00 2.712886356556357015e+00
2.808378378378378226e+00 2.708463208279022982e+00
2.817927927927927900e+00 2.704053184573814494e+00
2.827477477477477574e+00 2.699656246496888734e+00
2.837027027027026804e+00 2.695272355219957561e+00
2.846576576576576478e+00 2.690901472029946895e+00
2.856126126126126152e+00 2.686543558328654324e+00
2.865675675675675382e+00 2.682198575632407156e+00
2.875225225225225056e+00 2.677866485571723132e+00
2.884774774774774730e+00 2.673547249890971145e+00
2.894324324324324405e+00 2.669240830448035950e+00
2.903873873873873634e+00 2.664947189213978440e+00
2.913423423423423309e+00 2.660666288272699020e+00
2.922972972972972983e+00 2.656398089820607211e+00
2.932522522522522213e+00 2.652142556166283249e+00
2.942072072072071887e+00 2.647899649730148131e+00
2.951621621621621561e+00 2.643669333044130099e+00
2.961171171171171235e+00 2.639451568751335131e+00
2.970720720720720465e+00 2.635246319605715648e+00
2.980270270270270139e+00 2.631053548471742332e+00
2.989819819819819813e+00 2.626873218324075943e+00
2.999369369369369043e+00 2.622705292247242248e+00
3.008918918918918717e+00 2.618549733435301619e+00
3.018468468468468391e+00 2.614406505191529284e+00
3.028018018018018065e+00 2.610275570928086264e+00
3.037567567567567295e+00 2.606156894165700955e+00
3.047117117117116969e+00 2.602050438533343613e+00
3.056666666666666643e+00 2.597956167767906166e+00
3.066216216216215873e+00 2.593874045713882914e+00
3.075765765765765547e+00 2.589804036323049896e+00
3.085315315315315221e+00 2.585746103654146921e+00
3.094864864864864895e+00 2.581700211872560935e+00
3.104414414414414125e+00 2.577666325250009383e+00
3.113963963963963799e+00 2.573644408164223130e+00
3.123513513513513473e+00 2.569634425098633379e+00
3.133063063063062703e+00 2.565636340642058144e+00
3.142612612612612377e+00 2.561650119488390054e+00
3.152162162162162051e+00 2.557675726436281494e+00
3.161711711711711725e+00 2.553713126388838628e+00
3.171261261261260955e+00 2.549762284353306097e+00
3.180810810810810629e+00 2.545823165440761926e+00
3.190360360360360303e+00 2.541895734865808443e+00
3.199909909909909977e+00 2.537979957946264520e+00
3.209459459459459207e+00 2.534075800102860043e+00
3.219009009009008881e+00 2.530183226858929046e+00
3.228558558558558556e+00 2.526302203840106841e+00
3.238108108108107785e+00 2.522432696774026262e+00
3.247657657657657460e+00 2.518574671490015238e+00
3.257207207207207134e+00 2.514728093918792595e+00
3.266756756756756808e+00 2.510892930092171405e+00
3.276306306306306038e+00 2.507069146142755223e+00
3.285855855855855712e+00 2.503256708303640998e+00
3.295405405405405386e+00 2.499455582908121087e+00
3.304954954954954616e+00 2.495665736389383049e+00
3.314504504504504290e+00 2.491887135280218324e+00
3.324054054054053964e+00 2.488119746212722028e+00
3.333603603603603638e+00 2.484363535918000743e+00
3.343153153153152868e+00 2.480618471225877197e+00
3.352702702702702542e+00 2.476884519064599388e+00
3.362252252252252216e+00 2.473161646460546592e+00
3.371801801801801446e+00 2.469449820537939821e+00
3.381351351351351120e+00 2.465749008518549612e+00
3.390900900900900794e+00 2.462059177721407366e+00
3.400450450450450468e+00 2.458380295562518913e+00
3.409999999999999698e+00 2.454712329554572747e+00
3.419549549549549372e+00 2.451055247306655804e+00
3.429099099099099046e+00 2.447409016523967029e+00
3.438648648648648720e+00 2.443773605007533156e+00
3.448198198198197950e+00 2.440148980653920940e+00
3.457747747747747624e+00 2.436535111454957381e+00
3.467297297297297298e+00 2.432931965497445503e+00
3.476846846846846528e+00 2.429339510962882809e+00
3.486396396396396202e+00 2.425757716127179275e+00
3.495945945945945876e+00 2.422186549360378471e+00
3.505495495495495550e+00 2.418625979126379111e+00
3.515045045045044780e+00 2.415075973982653057e+00
3.524594594594594454e+00 2.411536502579972208e+00
3.534144144144144128e+00 2.408007533662126498e+00
3.543693693693693358e+00 2.404489036065654339e+00
3.553243243243243032e+00 2.400980978719561065e+00
3.562792792792792707e+00 2.397483330645047594e+00
3.572342342342342381e+00 2.393996060955238647e+00
3.581891891891891611e+00 2.390519138854905634e+00
3.591441441441441285e+00 2.387052533640197538e+00
3.600990990990990959e+00 2.383596214698370019e+00
3.610540540540540189e+00 2.380150151507513634e+00
3.620090090090089863e+00 2.376714313636285603e+00
3.629639639639639537e+00 2.373288670743639805e+00
3.639189189189189211e+00 2.369873192578558552e+00
3.648738738738738441e+00 2.366467848979789679e+00
3.658288288288288115e+00 2.363072609875572994e+00
3.667837837837837789e+00 2.359687445283380924e+00
3.677387387387387019e+00 2.356312325309651179e+00
3.686936936936936693e+00 2.352947220149522067e+00
3.696486486486486367e+00 2.349592100086572266e+00
3.706036036036036041e+00 2.346246935492553920e+00
3.715585585585585271e+00 2.342911696827135071e+00
3.725135135135134945e+00 2.339586354637637200e+00
3.734684684684684619e+00 2.336270879558774105e+00
3.744234234234233849e+00 2.332965242312395659e+00
3.753783783783783523e+00 2.329669413707224024e+00
3.763333333333333197e+00 2.326383364638602735e+00
3.772882882882882871e+00 2.323107066088232919e+00
3.782432432432432101e+00 2.319840489123921934e+00
3.791981981981981775e+00 2.316583604899325799e+00
3.801531531531531449e+00 2.313336384653694733e+00
3.811081081081081123e+00 2.310098799711618689e+00
3.820630630630630353e+00 2.306870821482775114e+00
3.830180180180180027e+00 2.303652421461675814e+00
3.839729729729729701e+00 2.300443571227415163e+00
3.849279279279278931e+00 2.297244242443420958e+00
3.858828828828828605e+00 2.294054406857199524e+00
3.868378378378378279e+00 2.290874036300092342e+00
3.877927927927927954e+00 2.287703102687022483e+00
3.887477477477477183e+00 2.284541578016249463e+00
3.897027027027026858e+00 2.281389434369119673e+00
3.906576576576576532e+00 2.278246643909822122e+00
3.916126126126125762e+00 2.275113178885141085e+00
3.925675675675675436e+00 2.271989011624210963e+00
3.935225225225225110e+00 2.268874114538273368e+00
3.944774774774774784e+00 2.265768460120431982e+00
3.954324324324324014e+00 2.262672020945410978e+00
3.963873873873873688e+00 2.259584769669310766e+00
3.973423423423423362e+00 2.256506679029368634e+00
3.982972972972972592e+00 2.253437721843718045e+00
3.992522522522522266e+00 2.250377871011145725e+00
4.002072072072071940e+00 2.247327099510856296e+00
4.011621621621621614e+00 2.244285380402230690e+00
4.021171171171171288e+00 2.241252686824589890e+00
4.030720720720720962e+00 2.238228991996956907e+00
4.040270270270270636e+00 2.235214269217820071e+00
4.049819819819820310e+00 2.232208491864899003e+00
4.059369369369369096e+00 2.229211633394906134e+00
4.068918918918918770e+00 2.226223667343315782e+00
4.078468468468468444e+00 2.223244567324129672e+00
4.088018018018018118e+00 2.220274307029641125e+00
4.097567567567567792e+00 2.217312860230207683e+00
4.107117117117117466e+00 2.214360200774013521e+00
4.116666666666667140e+00 2.211416302586845184e+00
4.126216216216215926e+00 2.208481139671855331e+00
4.135765765765765600e+00 2.205554686109335805e+00
4.145315315315315274e+00 2.202636916056490257e+00
4.154864864864864948e+00 2.199727803747201893e+00
4.164414414414414622e+00 2.196827323491810979e+00
4.173963963963964297e+00 2.193935449676883920e+00
4.183513513513513971e+00 2.191052156764988545e+00
4.193063063063062756e+00 2.188177419294468518e+00
4.202612612612612430e+00 2.185311211879218618e+00
4.212162162162162105e+00 2.182453509208460485e+00
4.221711711711711779e+00 2.179604286046519235e+00
4.231261261261261453e+00 2.176763517232600531e+00
4.240810810810811127e+00 2.173931177680567206e+00
4.250360360360360801e+00 2.171107242378720770e+00
4.259909909909910475e+00 2.168291686389577588e+00
4.269459459459460149e+00 2.165484484849649061e+00
4.279009009009008935e+00 2.162685612969224014e+00
4.288558558558558609e+00 2.159895046032146659e+00
4.298108108108108283e+00 2.157112759395602541e+00
4.307657657657657957e+00 2.154338728489896493e+00
4.317207207207207631e+00 2.151572928818238584e+00
4.326756756756757305e+00 2.148815335956526962e+00
4.336306306306306979e+00 2.146065925553131137e+00
4.345855855855855765e+00 2.143324673328680596e+00
4.355405405405405439e+00 2.140591555075843644e+00
4.364954954954955113e+00 2.137866546659120459e+00
4.374504504504504787e+00 2.135149624014627268e+00
4.384054054054054461e+00 2.132440763149882290e+00
4.393603603603604135e+00 2.129739940143597021e+00
4.403153153153153809e+00 2.127047131145461734e+00
4.412702702702702595e+00 2.124362312375937645e+00
4.422252252252252269e+00 2.121685460126045086e+00
4.431801801801801943e+00 2.119016550757155226e+00
4.441351351351351617e+00 2.116355560700780014e+00
4.450900900900901291e+00 2.113702466458366125e+00
4.460450450450450965e+00 2.111057244601085792e+00
4.470000000000000639e+00 2.108419871769629417e+00
4.479549549549549425e+00 2.105790324674001734e+00
4.489099099099099099e+00 2.103168580093313977e+00
4.498648648648648773e+00 2.100554614875578707e+00
4.508198198198198448e+00 2.097948405937507310e+00
4.517747747747748122e+00 2.095349930264304827e+00
4.527297297297297796e+00 2.092759164909466563e+00
4.536846846846847470e+00 2.090176086994575577e+00
4.546396396396396256e+00 2.087600673709100629e+00
4.555945945945945930e+00 2.085032902310196334e+00
4.565495495495495604e+00 2.082472750122499328e+00
4.575045045045045278e+00 2.079920194537930200e+00
4.584594594594594952e+00 2.077375213015494104e+00
4.594144144144144626e+00 2.074837783081079579e+00
4.603693693693694300e+00 2.072307882327262263e+00
4.613243243243243086e+00 2.069785488413105501e+00
4.622792792792792760e+00 2.067270579063964941e+00
4.632342342342342434e+00 2.064763132071288698e+00
4.641891891891892108e+00 2.062263125292424615e+00
4.651441441441441782e+00 2.059770536650423089e+00
4.660990990990991456e+00 2.057285344133841676e+00
4.670540540540541130e+00 2.054807525796551904e+00
4.680090090090089916e+00 2.052337059757544768e+00
4.689639639639639590e+00 2.049873924200736219e+00
4.699189189189189264e+00 2.047418097374778867e+00
4.708738738738738938e+00 2.044969557592863918e+00
4.718288288288288612e+00 2.042528283232535102e+00
4.727837837837838286e+00 2.040094252735492830e+00
4.737387387387387960e+00 2.037667444607409006e+00
4.746936936936936746e+00 2.035247837417732519e+00
4.756486486486486420e+00 2.032835409799502724e+00
4.766036036036036094e+00 2.030430140449159815e+00
4.775585585585585768e+00 2.028032008126356978e+00
4.785135135135135442e+00 2.025640991653773426e+00
4.794684684684685116e+00 2.023257069916925666e+00
4.804234234234234791e+00 2.020880221863982307e+00
4.813783783783783576e+00 2.018510426505578437e+00
4.823333333333333250e+00 2.016147662914629102e+00
4.832882882882882924e+00 2.013791910226146342e+00
4.842432432432432599e+00 2.011443147637051787e+00
4.851981981981982273e+00 2.009101354405997242e+00
4.861531531531531947e+00 2.006766509853177283e+00
4.871081081081081621e+00 2.004438593360149401e+00
4.880630630630631295e+00 2.002117584369651482e+00
4.890180180180180081e+00 1.999803462385419284e+00
4.899729729729729755e+00 1.997496206972006139e+00
4.909279279279279429e+00 1.995195797754602429e+00
4.918828828828829103e+00 1.992902214418855511e+00
4.928378378378378777e+00 1.990615436710690966e+00
4.937927927927928451e+00 1.988335444436132304e+00
4.947477477477478125e+00 1.986062217461124435e+00
4.957027027027026911e+00 1.983795735711354702e+00
4.966576576576576585e+00 1.981535979172075468e+00
4.976126126126126259e+00 1.979282927887928034e+00
4.985675675675675933e+00 1.977036561962766337e+00
4.995225225225225607e+00 1.974796861559481309e+00
5.004774774774775281e+00 1.972563806899824801e+00
5.014324324324324955e+00 1.970337378264236161e+00
5.023873873873873741e+00 1.968117555991667267e+00
5.033423423423423415e+00 1.965904320479409328e+00
5.042972972972973089e+00 1.963697652182919473e+00
5.052522522522522763e+00 1.961497531615647993e+00
5.062072072072072437e+00 1.959303939348867818e+00
5.071621621621622111e+00 1.957116856011500428e+00
5.081171171171171785e+00 1.954936262289946436e+00
5.090720720720720571e+00 1.952762138927914837e+00
5.100270270270270245e+00 1.950594466726252696e+00
5.109819819819819919e+00 1.948433226542775731e+00
5.119369369369369593e+00 1.946278399292099115e+00
5.128918918918919267e+00 1.944129965945469163e+00
5.138468468468468942e+00 1.941987907530595248e+00
5.148018018018018616e+00 1.939852205131482377e+00
5.157567567567567401e+00 1.937722839888263549e+00
5.167117117117117076e+00 1.935599792997033664e+00
5.176666666666666750e+00 1.933483045709683878e+00
5.186216216216216424e+00 1.931372579333735517e+00
5.195765765765766098e+00 1.929268375232174648e+00
5.205315315315315772e+00 1.927170414823288214e+00
5.214864864864865446e+00 1.925078679580499941e+00
5.224414414414414232e+00 1.922993151032206693e+00
5.233963963963963906e+00 1.920913810761613938e+00
5.243513513513513580e+00 1.918840640406575204e+00
5.253063063063063254e+00 1.916773621659429550e+00
5.262612612612612928e+00 1.914712736266837911e+00
5.272162162162162602e+00 1.912657966029625012e+00
5.281711711711712276e+00 1.910609292802615933e+00
5.291261261261261062e+00 1.908566698494477354e+00
5.300810810810810736e+00 1.906530165067557014e+00
5.310360360360360410e+00 1.904499674537725173e+00
5.319909909909910084e+00 1.902475208974216070e+00
5.329459459459459758e+00 1.900456750499467162e+00
5.339009009009009432e+00 1.898444281288965030e+00
5.348558558558559106e+00 1.896437783571084612e+00
5.358108108108107892e+00 1.894437239626934666e+00
5.367657657657657566e+00 1.892442631790199448e+00
5.377207207207207240e+00 1.890453942446983504e+00
5.386756756756756914e+00 1.888471154035657129e+00
5.396306306306306588e+00 1.886494249046698934e+00
5.405855855855856262e+00 1.884523210022543971e+00
5.415405405405405936e+00 1.882558019557427187e+00
5.424954954954955610e+00 1.880598660297230662e+00
5.434504504504504396e+00 1.878645114939331950e+00
5.444054054054054070e+00 1.876697366232447761e+00
5.453603603603603744e+00 1.874755396976484967e+00
5.463153153153153418e+00 1.872819190022386504e+00
5.472702702702703093e+00 1.870888728271981272e+00
5.482252252252252767e+00 1.868963994677832918e+00
5.491801801801802441e+00 1.867044972243088186e+00
5.501351351351351227e+00 1.865131644021329027e+00
5.510900900900900901e+00 1.863223993116419841e+00
5.520450450450450575e+00 1.861322002682361365e+00
5.530000000000000249e+00 1.859425655923139908e+00
5.539549549549549923e+00 1.857534936092580136e+00
5.549099099099099597e+00 1.855649826494196741e+00
5.558648648648649271e+00 1.853770310481046346e+00
5.568198198198198057e+00 1.851896371455582280e+00
5.577747747747747731e+00 1.850027992869505589e+00
5.587297297297297405e+00 1.848165158223621152e+00
5.596846846846847079e+00 1.846307851067690908e+00
5.606396396396396753e+00 1.844456055000287975e+00
5.615945945945946427e+00 1.842609753668653649e+00
5.625495495495496101e+00 1.840768930768551082e+00
5.635045045045044887e+00 1.838933570044122723e+00
5.644594594594594561e+00 1.837103655287745330e+00
5.654144144144144235e+00 1.835279170339888744e+00
5.663693693693693909e+00 1.833460099088970896e+00
5.673243243243243583e+00 1.831646425471217920e+00
5.682792792792793257e+00 1.829838133470520489e+00
5.692342342342342931e+00 1.828035207118293481e+00
5.701891891891891717e+00 1.826237630493333652e+00
5.711441441441441391e+00 1.824445387721680412e+00
5.720990990990991065e+00 1.822658462976475491e+00
5.730540540540540739e+00 1.820876840477822389e+00
5.740090090090090413e+00 1.819100504492647596e+00
5.749639639639640087e+00 1.817329439334561147e+00
5.759189189189189761e+00 1.815563629363718956e+00
5.768738738738738547e+00 1.813803058986684036e+00
5.778288288288288221e+00 1.812047712656288834e+00
5.787837837837837895e+00 1.810297574871498671e+00
5.797387387387387570e+00 1.808552630177272746e+00
5.806936936936937244e+00 1.806812863164431349e+00
5.816486486486486918e+00 1.805078258469515973e+00
5.826036036036036592e+00 1.803348800774655647e+00
5.835585585585585378e+00 1.801624474807432152e+00
5.845135135135135052e+00 1.799905265340742577e+00
5.854684684684684726e+00 1.798191157192668310e+00
5.864234234234234400e+00 1.796482135226338261e+00
5.873783783783784074e+00 1.794778184349796524e+00
5.883333333333333748e+00 1.793079289515868702e+00
5.892882882882883422e+00 1.791385435722028907e+00
5.902432432432432208e+00 1.789696608010268086e+00
5.911981981981981882e+00 1.788012791466959683e+00
5.921531531531531556e+00 1.786333971222731742e+00
5.931081081081081230e+00 1.784660132452331904e+00
5.940630630630630904e+00 1.782991260374497955e+00
5.950180180180180578e+00 1.781327340251828595e+00
5.959729729729730252e+00 1.779668357390650657e+00
5.969279279279279038e+00 1.778014297140891653e+00
5.978828828828828712e+00 1.776365144895948767e+00
5.988378378378378386e+00 1.774720886092560956e+00
5.997927927927928060e+00 1.773081506210679725e+00
6.007477477477477734e+00 1.771446990773341890e+00
6.017027027027027408e+00 1.769817325346540127e+00
6.026576576576577082e+00 1.768192495539096631e+00
6.036126126126125868e+00 1.766572487002536107e+00
6.045675675675675542e+00 1.764957285430957867e+00
6.055225225225225216e+00 1.763346876560911491e+00
6.064774774774774890e+00 1.761741246171268926e+00
6.074324324324324564e+00 1.760140380083099920e+00
6.083873873873874238e+00 1.758544264159547010e+00
6.093423423423423912e+00 1.756952884305699403e+00
6.102972972972973587e+00 1.755366226468470181e+00
6.112522522522522372e+00 1.753784276636471517e+00
6.122072072072072046e+00 1.752207020839889662e+00
6.131621621621621721e+00 1.750634445150363927e+00
6.141171171171171395e+00 1.749066535680861900e+00
6.150720720720721069e+00 1.747503278585557762e+00
6.160270270270270743e+00 1.745944660059709719e+00
6.169819819819820417e+00 1.744390666339537432e+00
6.179369369369369203e+00 1.742841283702102118e+00
6.188918918918918877e+00 1.741296498465183085e+00
6.198468468468468551e+00 1.739756296987159168e+00
6.208018018018018225e+00 1.738220665666886822e+00
6.217567567567567899e+00 1.736689590943580885e+00
6.227117117117117573e+00 1.735163059296693344e+00
6.236666666666667247e+00 1.733641057245796535e+00
6.246216216216216033e+00 1.732123571350461244e+00
6.255765765765765707e+00 1.730610588210139689e+00
6.265315315315315381e+00 1.729102094464046946e+00
6.274864864864865055e+00 1.727598076791043047e+00
6.284414414414414729e+00 1.726098521909514849e+00
6.293963963963964403e+00 1.724603416577259019e+00
6.303513513513514077e+00 1.723112747591364791e+00
6.313063063063062863e+00 1.721626501788099173e+00
6.322612612612612537e+00 1.720144666042786596e+00
6.332162162162162211e+00 1.718667227269698339e+00
6.341711711711711885e+00 1.717194172421932397e+00
6.351261261261261559e+00 1.715725488491301354e+00
6.360810810810811233e+00 1.714261162508215364e+00
6.370360360360360907e+00 1.712801181541569129e+00
6.379909909909909693e+00 1.711345532698627103e+00
6.389459459459459367e+00 1.709894203124909362e+00
6.399009009009009041e+00 1.708447180004078136e+00
6.408558558558558715e+00 1.707004450557826125e+00
6.418108108108108389e+00 1.705566002045761032e+00
6.427657657657658063e+00 1.704131821765295207e+00
6.437207207207207738e+00 1.702701897051532631e+00
6.446756756756756523e+00 1.701276215277157000e+00
6.456306306306306197e+00 1.699854763852320261e+00
6.465855855855855872e+00 1.698437530224531811e+00
6.475405405405405546e+00 1.697024501878547253e+00
6.484954954954955220e+00 1.695615666336258043e+00
6.494504504504504894e+00 1.694211011156581348e+00
6.504054054054054568e+00 1.692810523935350142e+00
6.513603603603603354e+00 1.691414192305203068e+00
6.523153153153153028e+00 1.690022003935476302e+00
6.532702702702702702e+00 1.688633946532094310e+00
6.542252252252252376e+00 1.687250007837460375e+00
6.551801801801802050e+00 1.685870175630350243e+00
6.561351351351351724e+00 1.684494437725801763e+00
6.570900900900901398e+00 1.683122781975009641e+00
6.580450450450450184e+00 1.681755196265216412e+00
6.589999999999999858e+00 1.680391668519606085e+00
6.599549549549549532e+00 1.679032186697198004e+00
6.609099099099099206e+00 1.677676738792739819e+00
6.618648648648648880e+00 1.676325312836602466e+00
6.628198198198198554e+00 1.674977896894672247e+00
6.637747747747748228e+00 1.673634479068248027e+00
6.647297297297297902e+00 1.672295047493935094e+00
6.656846846846846688e+00 1.670959590343539247e+00
6.666396396396396362e+00 1.669628095823965097e+00
6.675945945945946036e+00 1.668300552177108820e+00
6.685495495495495710e+00 1.666976947679756682e+00
6.695045045045045384e+00 1.665657270643480237e+00
6.704594594594595058e+00 1.664341509414533515e+00
6.714144144144144732e+00 1.663029652373750444e+00
6.723693693693693518e+00 1.661721687936441150e+00
6.733243243243243192e+00 1.660417604552290927e+00
6.742792792792792866e+00 1.659117390705257877e+00
6.752342342342342540e+00 1.657821034913470326e+00
6.761891891891892215e+00 1.656528525729126899e+00
6.771441441441441889e+00 1.655239851738394385e+00
6.780990990990991563e+00 1.653955001561307148e+00
6.790540540540540349e+00 1.652673963851666761e+00
6.800090090090090023e+00 1.651396727296941647e+00
6.809639639639639697e+00 1.650123280618167598e+00
6.819189189189189371e+00 1.648853612569847193e+00
6.828738738738739045e+00 1.647587711939852761e+00
6.838288288288288719e+00 1.646325567549323798e+00
6.847837837837838393e+00 1.645067168252571488e+00
6.857387387387387179e+00 1.643812502936978559e+00
6.866936936936936853e+00 1.642561560522901809e+00
6.876486486486486527e+00 1.641314329963574181e+00
6.886036036036036201e+00 1.640070800245006399e+00
6.895585585585585875e+00 1.638830960385891489e+00
6.905135135135135549e+00 1.637594799437505966e+00
6.914684684684685223e+00 1.636362306483614137e+00
6.924234234234234009e+00 1.635133470640371511e+00
6.933783783783783683e+00 1.633908281056228429e+00
6.943333333333333357e+00 1.632686726911834585e+00
6.952882882882883031e+00 1.631468797419943551e+00
6.962432432432432705e+00 1.630254481825316848e+00
6.971981981981982379e+00 1.629043769404630249e+00
6.981531531531532053e+00 1.627836649466377406e+00
6.991081081081080839e+00 1.626633111350776817e+00
7.000630630630630513e+00 1.625433144429677013e+00
7.010180180180180187e+00 1.624236738106462852e+00
7.019729729729729861e+00 1.623043881815962042e+00
7.029279279279279535e+00 1.621854565024351658e+00
7.038828828828829209e+00 1.620668777229065549e+00
7.048378378378378883e+00 1.619486507958700638e+00
7.057927927927927669e+00 1.618307746772925881e+00
7.067477477477477343e+00 1.617132483262388565e+00
7.077027027027027017e+00 1.615960707048623490e+00
7.086576576576576691e+00 1.614792407783960826e+00
7.096126126126126366e+00 1.613627575151434623e+00
7.105675675675676040e+00 1.612466198864692446e+00
7.115225225225225714e+00 1.611308268667903665e+00
7.124774774774774500e+00 1.610153774335668864e+00
7.134324324324324174e+00 1.609002705672930578e+00
7.143873873873873848e+00 1.607855052514882477e+00
7.153423423423423522e+00 1.606710804726878994e+00
7.162972972972973196e+00 1.605569952204347617e+00
7.172522522522522870e+00 1.604432484872697851e+00
7.182072072072072544e+00 1.603298392687233287e+00
7.191621621621621330e+00 1.602167665633062565e+00
7.201171171171171004e+00 1.601040293725010777e+00
7.210720720720720678e+00 1.599916267007531978e+00
7.220270270270270352e+00 1.598795575554620374e+00
7.229819819819820026e+00 1.597678209469723054e+00
7.239369369369369700e+00 1.596564158885652729e+00
7.248918918918919374e+00 1.595453413964500688e+00
7.258468468468468160e+00 1.594345964897549539e+00
7.268018018018017834e+00 1.593241801905186827e+00
7.277567567567567508e+00 1.592140915236818444e+00
7.287117117117117182e+00 1.591043295170782912e+00
7.296666666666666856e+00 1.589948932014265015e+00
7.306216216216216530e+00 1.588857816103210974e+00
7.315765765765766204e+00 1.587769937802242293e+00
7.325315315315315878e+00 1.586685287504571384e+00
7.334864864864864664e+00 1.585603855631915859e+00
7.344414414414414338e+00 1.584525632634414816e+00
7.353963963963964012e+00 1.583450608990543795e+00
7.363513513513513686e+00 1.582378775207031740e+00
7.373063063063063360e+00 1.581310121818775727e+00
7.382612612612613034e+00 1.580244639388758587e+00
7.392162162162162709e+00 1.579182318507964755e+00
7.401711711711711494e+00 1.578123149795298108e+00
7.411261261261261168e+00 1.577067123897497591e+00
7.420810810810810842e+00 1.576014231489056616e+00
7.430360360360360517e+00 1.574964463272139126e+00
7.439909909909910191e+00 1.573917809976498106e+00
7.449459459459459865e+00 1.572874262359393649e+00
7.459009009009009539e+00 1.571833811205511466e+00
7.468558558558558325e+00 1.570796447326881395e+00
7.478108108108107999e+00 1.569762161562795688e+00
7.487657657657657673e+00 1.568730944779729519e+00
7.497207207207207347e+00 1.567702787871259051e+00
7.506756756756757021e+00 1.566677681757981277e+00
7.516306306306306695e+00 1.565655617387434306e+00
7.525855855855856369e+00 1.564636585734017205e+00
7.535405405405405155e+00 1.563620577798910061e+00
7.544954954954954829e+00 1.562607584609994493e+00
7.554504504504504503e+00 1.561597597221775047e+00
7.564054054054054177e+00 1.560590606715299478e+00
7.573603603603603851e+00 1.559586604198080373e+00
7.583153153153153525e+00 1.558585580804016102e+00
7.592702702702703199e+00 1.557587527693313767e+00
7.602252252252251985e+00 1.556592436052409933e+00
7.611801801801801659e+00 1.555600297093892470e+00
7.621351351351351333e+00 1.554611102056424832e+00
7.630900900900901007e+00 1.553624842204667011e+00
7.640450450450450681e+00 1.552641508829198713e+00
7.650000000000000355e+00 1.551661093246442746e+00
7.659549549549550029e+00 1.550683586798588642e+00
7.669099099099098815e+00 1.549708980853515605e+00
7.678648648648648489e+00 1.548737266804715462e+00
7.688198198198198163e+00 1.547768436071219389e+00
7.697747747747747837e+00 1.546802480097519084e+00
7.707297297297297511e+00 1.545839390353493492e+00
7.716846846846847185e+00 1.544879158334331537e+00
7.726396396396396860e+00 1.543921775560459064e+00
7.735945945945945645e+00 1.542967233577462238e+00
7.745495495495495319e+00 1.542015523956013379e+00
7.755045045045044994e+00 1.541066638291797242e+00
7.764594594594594668e+00 1.540120568205436191e+00
7.774144144144144342e+00 1.539177305342416036e+00
7.783693693693694016e+00 1.538236841373012309e+00
7.793243243243243690e+00 1.537299167992217663e+00
7.802792792792792476e+00 1.536364276919667260e+00
7.812342342342342150e+00 1.535432159899565496e+00
7.821891891891891824e+00 1.534502808700614951e+00
7.831441441441441498e+00 1.533576215115941999e+00
7.840990990990991172e+00 1.532652370963024424e+00
7.850540540540540846e+00 1.531731268083620146e+00
7.860090090090090520e+00 1.530812898343694162e+00
7.869639639639640194e+00 1.529897253633347498e+00
7.879189189189188980e+00 1.528984325866745486e+00
7.888738738738738654e+00 1.528074106982045155e+00
7.898288288288288328e+00 1.527166588941326175e+00
7.907837837837838002e+00 1.526261763730517806e+00
7.917387387387387676e+00 1.525359623359329397e+00
7.926936936936937350e+00 1.524460159861179331e+00
7.936486486486487024e+00 1.523563365293125527e+00
7.946036036036035810e+00 1.522669231735793494e+00
7.955585585585585484e+00 1.521777751293307723e+00
7.965135135135135158e+00 1.520888916093222409e+00
7.974684684684684832e+00 1.520002718286450616e+00
7.984234234234234506e+00 1.519119150047195888e+00
7.993783783783784180e+00 1.518238203572882306e+00
8.003333333333333854e+00 1.517359871084086764e+00
8.012882882882882640e+00 1.516484144824469471e+00
8.022432432432431426e+00 1.515611017060705334e+00
8.031981981981981988e+00 1.514740480082415797e+00
8.041531531531530774e+00 1.513872526202101998e+00
8.051081081081081336e+00 1.513007147755074167e+00
8.060630630630630122e+00 1.512144337099387004e+00
8.070180180180180685e+00 1.511284086615769517e+00
8.079729729729729470e+00 1.510426388707560408e+00
8.089279279279278256e+00 1.509571235800638123e+00
8.098828828828828819e+00 1.508718620343356021e+00
8.108378378378377604e+00 1.507868534806475314e+00
8.117927927927928167e+00 1.507020971683097788e+00
8.127477477477476953e+00 1.506175923488600299e+00
8.137027027027027515e+00 1.505333382760568606e+00
8.146576576576576301e+00 1.504493342058731198e+00
8.156126126126125087e+00 1.503655793964893128e+00
8.165675675675675649e+00 1.502820731082871841e+00
8.175225225225224435e+00 1.501988146038431227e+00
8.184774774774774997e+00 1.501158031479215005e+00
8.194324324324323783e+00 1.500330380074684555e+00
8.203873873873874345e+00 1.499505184516052303e+00
8.213423423423423131e+00 1.498682437516217769e+00
8.222972972972971917e+00 1.497862131809702291e+00
8.232522522522522479e+00 1.497044260152586848e+00
8.242072072072073041e+00 1.496228815322446337e+00
8.251621621621621827e+00 1.495415790118286514e+00
8.261171171171170613e+00 1.494605177360479820e+00
8.270720720720721175e+00 1.493796969890702986e+00
8.280270270270269961e+00 1.492991160571873088e+00
8.289819819819820523e+00 1.492187742288084706e+00
8.299369369369369309e+00 1.491386707944546863e+00
8.308918918918919871e+00 1.490588050467520631e+00
8.318468468468468657e+00 1.489791762804256958e+00
8.328018018018017443e+00 1.488997837922933609e+00
8.337567567567568005e+00 1.488206268812593436e+00
8.347117117117116791e+00 1.487417048483083537e+00
8.356666666666667354e+00 1.486630169964990866e+00
8.366216216216216139e+00 1.485845626309583611e+00
8.375765765765766702e+00 1.485063410588748356e+00
8.385315315315315488e+00 1.484283515894928795e+00
8.394864864864864273e+00 1.483505935341065118e+00
8.404414414414414836e+00 1.482730662060532945e+00
8.413963963963963621e+00 1.481957689207083595e+00
8.423513513513514184e+00 1.481187009954781697e+00
8.433063063063062970e+00 1.480418617497947675e+00
8.442612612612613532e+00 1.479652505051094913e+00
8.452162162162162318e+00 1.478888665848870909e+00
8.461711711711711104e+00 1.478127093145998439e+00
8.471261261261261666e+00 1.477367780217214932e+00
8.480810810810810452e+00 1.476610720357212747e+00
8.490360360360361014e+00 1.475855906880580992e+00
8.499909909909909800e+00 1.475103333121746463e+00
8.509459459459460362e+00 1.474352992434913689e+00
8.519009009009009148e+00 1.473604878194006984e+00
8.528558558558557934e+00 1.472858983792612264e+00
8.538108108108108496e+00 1.472115302643917989e+00
8.547657657657657282e+00 1.471373828180657428e+00
8.557207207207207844e+00 1.470634553855050264e+00
8.566756756756756630e+00 1.469897473138745747e+00
8.576306306306307192e+00 1.469162579522763412e+00
8.585855855855855978e+00 1.468429866517437343e+00
8.595405405405404764e+00 1.467699327652357777e+00
8.604954954954955326e+00 1.466970956476314258e+00
8.614504504504504112e+00 1.466244746557238354e+00
8.624054054054054674e+00 1.465520691482147919e+00
8.633603603603603460e+00 1.464798784857088920e+00
8.643153153153154022e+00 1.464079020307080148e+00
8.652702702702702808e+00 1.463361391476056594e+00
8.662252252252251594e+00 1.462645892026813277e+00
8.671801801801802156e+00 1.461932515640948615e+00
8.681351351351350942e+00 1.461221256018810255e+00
8.690900900900901505e+00 1.460512106879437777e+00
8.700450450450450290e+00 1.459805061960508521e+00
8.710000000000000853e+00 1.459100115018280963e+00
8.719549549549549639e+00 1.458397259827540760e+00
8.729099099099098424e+00 1.457696490181545457e+00
8.738648648648648987e+00 1.456997799891968759e+00
8.748198198198197773e+00 1.456301182788847681e+00
8.757747747747748335e+00 1.455606632720526150e+00
8.767297297297297121e+00 1.454914143553602601e+00
8.776846846846847683e+00 1.454223709172873358e+00
8.786396396396396469e+00 1.453535323481281560e+00
8.795945945945945255e+00 1.452848980399860768e+00
8.805495495495495817e+00 1.452164673867682776e+00
8.815045045045044603e+00 1.451482397841803662e+00
8.824594594594595165e+00 1.450802146297210049e+00
8.834144144144143951e+00 1.450123913226766925e+00
8.843693693693694513e+00 1.449447692641163021e+00
8.853243243243243299e+00 1.448773478568859741e+00
8.862792792792792085e+00 1.448101265056037201e+00
8.872342342342342647e+00 1.447431046166541391e+00
8.881891891891891433e+00 1.446762815981833095e+00
8.891441441441441995e+00 1.446096568600934607e+00
8.900990990990990781e+00 1.445432298140378213e+00
8.910540540540541343e+00 1.444769998734152905e+00
8.920090090090090129e+00 1.444109664533654858e+00
8.929639639639638915e+00 1.443451289707633478e+00
8.939189189189189477e+00 1.442794868442140999e+00
8.948738738738738263e+00 1.442140394940482073e+00
8.958288288288288825e+00 1.441487863423160709e+00
8.967837837837837611e+00 1.440837268127830084e+00
8.977387387387388173e+00 1.440188603309241699e+00
8.986936936936936959e+00 1.439541863239195418e+00
8.996486486486485745e+00 1.438897042206487287e+00
9.006036036036036307e+00 1.438254134516859573e+00
9.015585585585585093e+00 1.437613134492952138e+00
9.025135135135135656e+00 1.436974036474249594e+00
9.034684684684684441e+00 1.436336834817033337e+00
9.044234234234235004e+00 1.435701523894331144e+00
9.053783783783783790e+00 1.435068098095867439e+00
9.063333333333332575e+00 1.434436551828013329e+00
9.072882882882883138e+00 1.433806879513737531e+00
9.082432432432431924e+00 1.433179075592558194e+00
9.091981981981982486e+00 1.432553134520491600e+00
9.101531531531531272e+00 1.431929050770004652e+00
9.111081081081081834e+00 1.431306818829966465e+00
9.120630630630630620e+00 1.430686433205598629e+00
9.130180180180179406e+00 1.430067888418426580e+00
9.139729729729729968e+00 1.429451179006232531e+00
9.149279279279278754e+00 1.428836299523006392e+00
9.158828828828829316e+00 1.428223244538896930e+00
9.168378378378378102e+00 1.427612008640165575e+00
9.177927927927928664e+00 1.427002586429137132e+00
9.187477477477477450e+00 1.426394972524152704e+00
9.197027027027026236e+00 1.425789161559522178e+00
9.206576576576576798e+00 1.425185148185476702e+00
9.216126126126125584e+00 1.424582927068121618e+00
9.225675675675676146e+00 1.423982492889388940e+00
9.235225225225224932e+00 1.423383840346991391e+00
9.244774774774775494e+00 1.422786964154374001e+00
9.254324324324324280e+00 1.422191859040669248e+00
9.263873873873873066e+00 1.421598519750648437e+00
9.273423423423423628e+00 1.421006941044677507e+00
9.282972972972972414e+00 1.420417117698669296e+00
9.292522522522522976e+00 1.419829044504037352e+00
9.302072072072071762e+00 1.419242716267651083e+00
9.311621621621622324e+00 1.418658127811788683e+00
9.321171171171171110e+00 1.418075273974092498e+00
9.330720720720719896e+00 1.417494149607522180e+00
9.340270270270270458e+00 1.416914749580310495e+00
9.349819819819819244e+00 1.416337068775916919e+00
9.359369369369369807e+00 1.415761102092983226e+00
9.368918918918918592e+00 1.415186844445288195e+00
9.378468468468469155e+00 1.414614290761702975e+00
9.388018018018017941e+00 1.414043435986145347e+00
9.397567567567566726e+00 1.413474275077536202e+00
9.407117117117117289e+00 1.412906803009754242e+00
9.416666666666666075e+00 1.412341014771592462e+00
9.426216216216216637e+00 1.411776905366712409e+00
9.435765765765765423e+00 1.411214469813602213e+00
9.445315315315315985e+00 1.410653703145530402e+00
9.454864864864864771e+00 1.410094600410503496e+00
9.464414414414415333e+00 1.409537156671221148e+00
9.473963963963964119e+00 1.408981367005034624e+00
9.483513513513512905e+00 1.408427226503900176e+00
9.493063063063063467e+00 1.407874730274338626e+00
9.502612612612612253e+00 1.407323873437390738e+00
9.512162162162162815e+00 1.406774651128573694e+00
9.521711711711711601e+00 1.406227058497839799e+00
9.531261261261262163e+00 1.405681090709531622e+00
9.540810810810810949e+00 1.405136742942341144e+00
9.550360360360359735e+00 1.404594010389266234e+00
9.559909909909910297e+00 1.404052888257567799e+00
9.569459459459459083e+00 1.403513371768728701e+00
9.579009009009009645e+00 1.402975456158410017e+00
9.588558558558558431e+00 1.402439136676410403e+00
9.598108108108108993e+00 1.401904408586623463e+00
9.607657657657657779e+00 1.401371267166996004e+00
9.617207207207206565e+00 1.400839707709486071e+00
9.626756756756757127e+00 1.400309725520021642e+00
9.636306306306305913e+00 1.399781315918459557e+00
9.645855855855856476e+00 1.399254474238543544e+00
9.655405405405405261e+00 1.398729195827863148e+00
9.664954954954955824e+00 1.398205476047812867e+00
9.674504504504504609e+00 1.397683310273551527e+00
9.684054054054053395e+00 1.397162693893959862e+00
9.693603603603603958e+00 1.396643622311602329e+00
9.703153153153152743e+00 1.396126090942684028e+00
9.712702702702703306e+00 1.395610095217011848e+00
9.722252252252252092e+00 1.395095630577953383e+00
9.731801801801802654e+00 1.394582692482396968e+00
9.741351351351351440e+00 1.394071276400711490e+00
9.750900900900900226e+00 1.393561377816706415e+00
9.760450450450450788e+00 1.393052992227591380e+00
9.769999999999999574e+00 1.392546115143937779e+00
