0 0 0
0.125 0.110312 0.110312
0.25 0.1947 0.1947
0.375 0.257733 0.257733
0.5 0.303265 0.303265
0.625 0.334537 0.334538
0.75 0.354273 0.354275
0.875 0.364751 0.364754
1 0.367875 0.367879
1.125 0.365228 0.365234
1.25 0.358123 0.358131
1.375 0.347645 0.347654
1.5 0.334684 0.334695
1.625 0.319968 0.319981
1.75 0.304088 0.304104
1.875 0.287521 0.287541
2 0.270649 0.270671
2.125 0.25377 0.253795
2.25 0.23712 0.237148
2.375 0.220877 0.220909
2.5 0.205177 0.205212
2.625 0.190114 0.190154
2.75 0.175757 0.175802
2.875 0.162147 0.162196
3 0.149307 0.149361
3.125 0.137243 0.137303
3.25 0.125951 0.126016
3.375 0.115414 0.115486
3.5 0.105612 0.105691
3.625 0.0965166 0.096603
3.75 0.0880969 0.0881915
3.875 0.0803194 0.0804231
4 0.073149 0.0732626
4.125 0.0665501 0.0666744
4.25 0.0604868 0.060623
4.375 0.0549239 0.0550731
4.5 0.049827 0.0499905
4.625 0.0451626 0.0453419
4.75 0.0408988 0.0410956
4.875 0.0370051 0.0372211
5 0.0334525 0.0336897
5.125 0.0302136 0.0304744
5.25 0.0272627 0.0275495
5.375 0.0245756 0.0248912
5.5 0.0221298 0.0224772
5.625 0.019904 0.0202869
5.75 0.0178788 0.018301
5.875 0.0160359 0.0165017
6 0.0143583 0.0148725
6.125 0.0128304 0.0133984
6.25 0.0114376 0.0120653
6.375 0.0101663 0.0108606
6.5 0.0090042 0.00977235
6.625 0.00793951 0.00878992
6.75 0.00696148 0.00790344
6.875 0.00606004 0.00710392
7 0.0052258 0.00638317
7.125 0.00444991 0.00573372
7.25 0.00372407 0.00514876
7.375 0.00304039 0.00462211
7.5 0.00239136 0.00414813
7.625 0.00176974 0.00372173
7.75 0.00116853 0.00333825
7.875 0.000580882 0.00299352
8 -3.14317e-14 0.0026837
