0 0 0
0.2 0.447214 0.447214
0.4 0.632456 0.632456
0.6 0.774597 0.774597
0.8 0.894427 0.894427
1 1 1
1.2 1.09545 1.09545
1.4 1.18322 1.18322
1.6 1.26491 1.26491
1.8 1.34164 1.34164
2 1.41421 1.41421
2.2 1.48324 1.48324
2.4 1.54919 1.54919
2.6 1.61245 1.61245
2.8 1.67332 1.67332
3 1.73205 1.73205
3.2 1.78885 1.78885
3.4 1.84391 1.84391
3.6 1.89737 1.89737
3.8 1.94936 1.94936
4 2 2
4.2 2.04939 2.04939
4.4 2.09762 2.09762
4.6 2.14476 2.14476
4.8 2.19089 2.19089
5 2.23607 2.23607
5.2 2.28035 2.28035
5.4 2.32379 2.32379
5.6 2.36643 2.36643
5.8 2.40832 2.40832
6 2.44949 2.44949
6.2 2.48998 2.48998
6.4 2.52982 2.52982
6.6 2.56905 2.56905
6.8 2.60768 2.60768
7 2.64575 2.64575
7.2 2.68328 2.68328
7.4 2.72029 2.72029
7.6 2.75681 2.75681
7.8 2.79285 2.79285
8 2.82843 2.82843
8.2 2.86356 2.86356
8.4 2.89828 2.89828
8.6 2.93258 2.93258
8.8 2.96648 2.96648
9 3 3
9.2 3.03315 3.03315
9.4 3.06594 3.06594
9.6 3.09839 3.09839
9.8 3.1305 3.1305
10 3.16228 3.16228
10.2 3.19374 3.19374
10.4 3.2249 3.2249
10.6 3.25576 3.25576
10.8 3.28634 3.28634
11 3.31662 3.31662
11.2 3.34664 3.34664
11.4 3.37639 3.37639
11.6 3.40588 3.40588
11.8 3.43511 3.43511
12 3.4641 3.4641
12.2 3.49285 3.49285
12.4 3.52136 3.52136
12.6 3.54965 3.54965
12.8 3.57771 3.57771
13 3.60555 3.60555
13.2 3.63318 3.63318
13.4 3.6606 3.6606
13.6 3.68782 3.68782
13.8 3.71484 3.71484
14 3.74166 3.74166
14.2 3.76829 3.76829
14.4 3.79473 3.79473
14.6 3.82099 3.82099
14.8 3.84708 3.84708
15 3.87298 3.87298
15.2 3.89872 3.89872
15.4 3.92428 3.92428
15.6 3.94968 3.94968
15.8 3.97492 3.97492
16 4 4
16.2 4.02492 4.02492
16.4 4.04969 4.04969
16.6 4.07431 4.07431
16.8 4.09878 4.09878
17 4.12311 4.12311
17.2 4.14729 4.14729
17.4 4.17133 4.17133
17.6 4.19524 4.19524
17.8 4.219 4.219
18 4.24264 4.24264
18.2 4.26615 4.26615
18.4 4.28952 4.28952
18.6 4.31277 4.31277
18.8 4.3359 4.3359
19 4.3589 4.3589
19.2 4.38178 4.38178
19.4 4.40454 4.40454
19.6 4.42719 4.42719
19.8 4.44972 4.44972
20 4.47214 4.47214
20.2 4.49444 4.49444
20.4 4.51664 4.51664
20.6 4.53872 4.53872
20.8 4.5607 4.5607
21 4.58258 4.58258
21.2 4.60435 4.60435
21.4 4.62601 4.62601
21.6 4.64758 4.64758
21.8 4.66905 4.66905
22 4.69042 4.69042
22.2 4.71169 4.71169
22.4 4.73286 4.73286
22.6 4.75395 4.75395
22.8 4.77493 4.77493
23 4.79583 4.79583
23.2 4.81664 4.81664
23.4 4.83735 4.83735
23.6 4.85798 4.85798
23.8 4.87852 4.87852
24 4.89898 4.89898
24.2 4.91935 4.91935
24.4 4.93964 4.93964
24.6 4.95984 4.95984
24.8 4.97996 4.97996
25 5 5
