0 1
0.1 0.950132
0.2 0.900852
0.3 0.852644
0.4 0.805981
0.5 0.761321
0.6 0.719104
0.7 0.679746
0.8 0.643634
0.9 0.611124
1 0.582536
1.1 0.558154
1.2 0.538218
1.3 0.522925
1.4 0.512426
1.5 0.506825
1.6 0.506177
1.7 0.510489
1.8 0.519718
1.9 0.533773
2 0.552515
2.1 0.575759
2.2 0.603274
2.3 0.63479
2.4 0.669995
2.5 0.708543
2.6 0.750053
2.7 0.794117
2.8 0.8403
2.9 0.88815
3 0.937197
3.1 0.986959
3.2 1.03695
3.3 1.08668
3.4 1.13566
3.5 1.18341
3.6 1.22947
3.7 1.27339
3.8 1.31474
3.9 1.35311
4 1.38815
4.1 1.41949
4.2 1.44685
4.3 1.46995
4.4 1.48857
4.5 1.50253
4.6 1.51169
4.7 1.51597
4.8 1.51533
4.9 1.50976
5 1.49933
5.1 1.48413
5.2 1.46432
5.3 1.44008
5.4 1.41165
5.5 1.37931
5.6 1.34337
5.7 1.30418
5.8 1.26211
5.9 1.21759
6 1.17104
6.1 1.12292
6.2 1.0737
6.3 1.02386
6.4 0.973879
6.5 0.924257
6.6 0.875478
6.7 0.82802
6.8 0.782349
6.9 0.738913
7 0.698141
7.1 0.660434
7.2 0.626163
7.3 0.595666
7.4 0.569245
7.5 0.547161
7.6 0.529631
7.7 0.516829
7.8 0.508881
7.9 0.505867
8 0.507815
8.1 0.514707
8.2 0.526474
8.3 0.543
8.4 0.564122
8.5 0.589631
8.6 0.619275
8.7 0.652761
8.8 0.68976
8.9 0.729906
9 0.772803
9.1 0.818031
9.2 0.865144
9.3 0.913679
9.4 0.96316
9.5 1.0131
9.6 1.06302
9.7 1.11241
9.8 1.16081
9.9 1.20774
10 1.25273
10.1 1.29536
10.2 1.3352
10.3 1.37187
10.4 1.40502
10.5 1.43431
10.6 1.45947
10.7 1.48026
10.8 1.49646
10.9 1.50793
11 1.51454
11.1 1.51625
11.2 1.51303
11.3 1.50491
11.4 1.49197
11.5 1.47434
11.6 1.45218
11.7 1.42572
11.8 1.39521
11.9 1.36094
12 1.32326
12.1 1.28251
12.2 1.23911
12.3 1.19347
12.4 1.14605
12.5 1.09729
12.6 1.04768
12.7 0.997707
12.8 0.947855
12.9 0.898614
13 0.850466
13.1 0.803885
13.2 0.759328
13.3 0.717234
13.4 0.678016
13.5 0.642061
13.6 0.609724
13.7 0.581324
13.8 0.557141
13.9 0.537414
14 0.522338
14.1 0.512061
14.2 0.506686
14.3 0.506266
14.4 0.510805
14.5 0.520258
14.6 0.534531
14.7 0.553484
14.8 0.576929
14.9 0.604634
15 0.636326
15.1 0.671693
15.2 0.710385
15.3 0.752021
15.4 0.796192
15.5 0.842462
15.6 0.890377
15.7 0.939467
15.8 0.98925
15.9 1.03924
16 1.08894
16.1 1.13788
16.2 1.18556
16.3 1.23153
16.4 1.27534
16.5 1.31657
16.6 1.3548
16.7 1.38967
16.8 1.42084
16.9 1.448
17 1.4709
17.1 1.48931
17.2 1.50306
17.3 1.512
17.4 1.51605
17.5 1.51518
17.6 1.50939
17.7 1.49874
17.8 1.48333
17.9 1.4633
18 1.43887
18.1 1.41025
18.2 1.37774
18.3 1.34164
18.4 1.30231
18.5 1.26012
18.6 1.2155
18.7 1.16887
18.8 1.12069
18.9 1.07142
19 1.02156
19.1 0.971592
19.2 0.921998
19.3 0.873269
19.4 0.825883
19.5 0.780304
19.6 0.736982
19.7 0.696342
19.8 0.658784
19.9 0.624679
20 0.594363
20.1 0.568136
20.2 0.546256
20.3 0.528939
20.4 0.516357
20.5 0.508635
20.6 0.505847
20.7 0.508023
20.8 0.51514
20.9 0.527128
21 0.543869
21.1 0.565197
21.2 0.590902
21.3 0.620729
21.4 0.654384
21.5 0.691535
21.6 0.731816
21.7 0.77483
21.8 0.820154
21.9 0.867342
22 0.915931
22.1 0.965444
22.2 1.0154
22.3 1.0653
22.4 1.11466
22.5 1.163
22.6 1.20984
22.7 1.25474
22.8 1.29725
22.9 1.33696
23 1.37347
23.1 1.40645
23.2 1.43556
23.3 1.46052
23.4 1.4811
23.5 1.49709
23.6 1.50834
23.7 1.51473
23.8 1.51621
23.9 1.51276
24 1.50442
24.1 1.49126
24.2 1.47342
24.3 1.45106
24.4 1.42441
24.5 1.39372
24.6 1.35929
24.7 1.32145
24.8 1.28058
24.9 1.23706
25 1.19133
25.1 1.14383
25.2 1.09503
25.3 1.04539
25.4 0.995414
25.5 0.94558
25.6 0.896378
25.7 0.848292
25.8 0.801794
25.9 0.757341
26 0.715369
26.1 0.676293
26.2 0.640497
26.3 0.608334
26.4 0.580121
26.5 0.556137
26.6 0.536619
26.7 0.52176
26.8 0.511707
26.9 0.506559
27 0.506366
27.1 0.511132
27.2 0.520808
27.3 0.535299
27.4 0.554463
27.5 0.578108
27.6 0.606003
27.7 0.63787
27.8 0.673397
27.9 0.712233
28 0.753994
28.1 0.798271
28.2 0.844627
28.3 0.892606
28.4 0.941739
28.5 0.991542
28.6 1.04153
28.7 1.09121
28.8 1.14009
28.9 1.18771
29 1.23359
29.1 1.27729
29.2 1.31839
29.3 1.35647
29.4 1.39118
29.5 1.42217
29.6 1.44915
29.7 1.47185
29.8 1.49005
29.9 1.50357
30 1.51229
30.1 1.51612
30.2 1.51502
30.3 1.50901
30.4 1.49813
30.5 1.48251
30.6 1.46228
30.7 1.43765
30.8 1.40885
30.9 1.37616
31 1.3399
31.1 1.30043
31.2 1.25813
31.3 1.2134
31.4 1.16669
31.5 1.11845
31.6 1.06915
31.7 1.01927
31.8 0.969305
31.9 0.919741
32 0.871063
32.1 0.82375
32.2 0.778265
32.3 0.735056
32.4 0.694549
32.5 0.657142
32.6 0.623204
32.7 0.593069
32.8 0.567036
32.9 0.54536
33 0.528258
33.1 0.515896
33.2 0.508398
33.3 0.505839
33.4 0.508242
33.5 0.515584
33.6 0.527793
33.7 0.544749
33.8 0.566282
33.9 0.592181
34 0.622191
34.1 0.656014
34.2 0.693316
34.3 0.733732
34.4 0.776861
34.5 0.822281
34.6 0.869544
34.7 0.918186
34.8 0.967729
34.9 1.01769
35 1.06758
35.1 1.1169
35.2 1.16518
35.3 1.21195
35.4 1.25675
35.5 1.29913
35.6 1.3387
35.7 1.37507
35.8 1.40787
35.9 1.4368
36 1.46157
36.1 1.48194
36.2 1.49771
36.3 1.50874
36.4 1.51491
36.5 1.51616
36.6 1.51249
36.7 1.50392
36.8 1.49055
36.9 1.47249
37 1.44993
37.1 1.42309
37.2 1.39222
37.3 1.35762
37.4 1.31964
37.5 1.27864
37.6 1.23501
37.7 1.18919
37.8 1.14162
37.9 1.09277
38 1.04311
38.1 0.993122
38.2 0.943306
38.3 0.894145
38.4 0.846122
38.5 0.799707
38.6 0.755358
38.7 0.713511
38.8 0.674577
38.9 0.63894
39 0.606951
39.1 0.578927
39.2 0.555143
39.3 0.535835
39.4 0.521193
39.5 0.511363
39.6 0.506441
39.7 0.506476
39.8 0.511469
39.9 0.521368
40 0.536077
40.1 0.55545
40.2 0.579296
40.3 0.607379
40.4 0.639422
40.5 0.675109
40.6 0.714087
40.7 0.755973
40.8 0.800355
40.9 0.846795
41 0.894838
41.1 0.944012
41.2 0.993834
41.3 1.04382
41.4 1.09347
41.5 1.14231
41.6 1.18986
41.7 1.23565
41.8 1.27924
41.9 1.3202
42 1.35814
42.1 1.39269
42.2 1.4235
42.3 1.45028
42.4 1.47278
42.5 1.49077
42.6 1.50408
42.7 1.51257
42.8 1.51618
42.9 1.51485
43 1.50861
43.1 1.49752
43.2 1.48168
43.3 1.46124
43.4 1.43641
43.5 1.40743
43.6 1.37457
43.7 1.33816
43.8 1.29855
43.9 1.25612
44 1.2113
44.1 1.1645
44.2 1.1162
44.3 1.06687
44.4 1.01698
44.5 0.96702
44.6 0.917486
44.7 0.86886
44.8 0.82162
44.9 0.77623
45 0.733136
45.1 0.692763
45.2 0.655507
45.3 0.621736
45.4 0.591783
45.5 0.565944
45.6 0.544475
45.7 0.527586
45.8 0.515445
45.9 0.508173
46 0.50584
46.1 0.508471
46.2 0.516038
46.3 0.528468
46.4 0.545637
46.5 0.567376
46.6 0.59347
46.7 0.623661
46.8 0.657651
46.9 0.695105
47 0.735653
47.1 0.778898
47.2 0.824411
47.3 0.871748
47.4 0.920442
47.5 0.970015
47.6 1.01998
47.7 1.06985
47.8 1.11914
47.9 1.16736
48 1.21405
48.1 1.25875
48.2 1.30101
48.3 1.34044
48.4 1.37665
48.5 1.40928
48.6 1.43803
48.7 1.4626
48.8 1.48276
48.9 1.49832
49 1.50913
49.1 1.51507
49.2 1.5161
49.3 1.5122
49.4 1.50341
49.5 1.48982
49.6 1.47155
49.7 1.44879
49.8 1.42176
49.9 1.39071
50 1.35595
50.1 1.31782
50.2 1.27669
50.3 1.23295
50.4 1.18704
50.5 1.13941
50.6 1.0905
50.7 1.04082
50.8 0.99083
50.9 0.941033
51 0.891914
51.1 0.843954
51.2 0.797625
51.3 0.753381
51.4 0.711659
51.5 0.672867
51.6 0.63739
51.7 0.605577
51.8 0.577741
51.9 0.554158
52 0.53506
52.1 0.520636
52.2 0.511029
52.3 0.506334
52.4 0.506597
52.5 0.511816
52.6 0.521938
52.7 0.536865
52.8 0.556448
52.9 0.580494
53 0.608765
53.1 0.640982
53.2 0.676827
53.3 0.715947
53.4 0.757957
53.5 0.802443
53.6 0.848967
53.7 0.897072
53.8 0.946286
53.9 0.996126
54 1.0461
54.1 1.09573
54.2 1.14452
54.3 1.192
54.4 1.2377
54.5 1.28118
54.6 1.32201
54.7 1.3598
54.8 1.39418
54.9 1.42482
55 1.45141
55.1 1.47371
55.2 1.49148
55.3 1.50457
55.4 1.51285
55.5 1.51622
55.6 1.51467
55.7 1.50821
55.8 1.4969
55.9 1.48084
56 1.4602
56.1 1.43517
56.2 1.40601
56.3 1.37298
56.4 1.33641
56.5 1.29666
56.6 1.25412
56.7 1.20919
56.8 1.16232
56.9 1.11396
57 1.06459
57.1 1.01468
57.2 0.964735
57.3 0.915232
57.4 0.86666
57.5 0.819495
57.6 0.7742
57.7 0.731222
57.8 0.690983
57.9 0.653879
58 0.620276
58.1 0.590506
58.2 0.564862
58.3 0.543598
58.4 0.526924
58.5 0.515004
58.6 0.507957
58.7 0.505852
58.8 0.50871
58.9 0.516503
59 0.529153
59.1 0.546536
59.2 0.568479
59.3 0.594767
59.4 0.625139
59.5 0.659295
59.6 0.6969
59.7 0.737581
59.8 0.780938
59.9 0.826546
60 0.873955
60.1 0.922699
60.2 0.972302
60.3 1.02228
60.4 1.07213
60.5 1.12138
60.6 1.16954
60.7 1.21615
60.8 1.26074
60.9 1.30289
61 1.34218
61.1 1.37823
61.2 1.41069
61.3 1.43925
61.4 1.46362
61.5 1.48358
61.6 1.49892
61.7 1.50951
61.8 1.51523
61.9 1.51603
62 1.5119
62.1 1.50289
62.2 1.48908
62.3 1.47061
62.4 1.44765
62.5 1.42042
62.6 1.3892
62.7 1.35428
62.8 1.316
62.9 1.27474
63 1.23089
63.1 1.18489
63.2 1.13719
63.3 1.08824
63.4 1.03853
63.5 0.988539
63.6 0.938762
63.7 0.889686
63.8 0.84179
63.9 0.795547
64 0.751409
64.1 0.709812
64.2 0.671165
64.3 0.635849
64.4 0.604211
64.5 0.576565
64.6 0.553182
64.7 0.534295
64.8 0.520089
64.9 0.510706
65 0.506238
65.1 0.506728
65.2 0.512173
65.3 0.522519
65.4 0.537662
65.5 0.557455
65.6 0.5817
65.7 0.610158
65.8 0.642549
65.9 0.678552
66 0.717814
66.1 0.759946
66.2 0.804535
66.3 0.851142
66.4 0.899308
66.5 0.948562
66.6 0.998419
66.7 1.04839
66.8 1.09799
66.9 1.14673
67 1.19414
67.1 1.23975
67.2 1.28311
67.3 1.32381
67.4 1.36146
67.5 1.39567
67.6 1.42613
67.7 1.45253
67.8 1.47462
67.9 1.49219
68 1.50506
68.1 1.51311
68.2 1.51626
68.3 1.51448
68.4 1.5078
68.5 1.49626
68.6 1.47999
68.7 1.45915
68.8 1.43392
68.9 1.40457
69 1.37138
69.1 1.33466
69.2 1.29477
69.3 1.25211
69.4 1.20708
69.5 1.16013
69.6 1.11172
69.7 1.06231
69.8 1.01239
69.9 0.962452
70 0.91298
70.1 0.864462
70.2 0.817373
70.3 0.772175
70.4 0.729314
70.5 0.68921
70.6 0.652259
70.7 0.618825
70.8 0.589238
70.9 0.56379
71 0.542732
71.1 0.526272
71.2 0.514574
71.3 0.507752
71.4 0.505875
71.5 0.50896
71.6 0.516977
71.7 0.529848
71.8 0.547444
71.9 0.569592
72 0.596073
72.1 0.626625
72.2 0.660947
72.3 0.698701
72.4 0.739514
72.5 0.782984
72.6 0.828684
72.7 0.876165
72.8 0.924959
72.9 0.974589
73 1.02457
73.1 1.07441
73.2 1.12362
73.3 1.17172
73.4 1.21824
73.5 1.26273
73.6 1.30475
73.7 1.3439
73.8 1.3798
73.9 1.41209
74 1.44046
74.1 1.46463
74.2 1.48438
74.3 1.49951
74.4 1.50988
74.5 1.51537
74.6 1.51595
74.7 1.5116
74.8 1.50236
74.9 1.48834
75 1.46965
75.1 1.44649
75.2 1.41907
75.3 1.38767
75.4 1.35259
75.5 1.31417
75.6 1.27278
75.7 1.22883
75.8 1.18274
75.9 1.13497
76 1.08597
76.1 1.03624
76.2 0.986247
76.3 0.936492
76.4 0.88746
76.5 0.83963
76.6 0.793473
76.7 0.749443
76.8 0.707972
76.9 0.66947
77 0.634315
77.1 0.602854
77.2 0.575397
77.3 0.552216
77.4 0.53354
77.5 0.519553
77.6 0.510393
77.7 0.506151
77.8 0.50687
77.9 0.512541
78 0.523109
78.1 0.53847
78.2 0.558471
78.3 0.582914
78.4 0.61156
78.5 0.644123
78.6 0.680284
78.7 0.719686
78.8 0.761941
78.9 0.806632
79 0.85332
79.1 0.901547
79.2 0.950839
79.3 1.00071
79.4 1.05068
79.5 1.10025
79.6 1.14894
79.7 1.19627
79.8 1.24179
79.9 1.28504
80 1.32561
80.1 1.3631
80.2 1.39715
80.3 1.42743
80.4 1.45364
80.5 1.47553
80.6 1.49288
80.7 1.50553
80.8 1.51336
80.9 1.51629
81 1.51429
81.1 1.50737
81.2 1.49562
81.3 1.47914
81.4 1.45808
81.5 1.43267
81.6 1.40313
81.7 1.36977
81.8 1.33289
81.9 1.29287
82 1.25009
82.1 1.20497
82.2 1.15794
82.3 1.10947
82.4 1.06003
82.5 1.0101
82.6 0.960169
82.7 0.910731
82.8 0.862268
82.9 0.815255
83 0.770155
83.1 0.727411
83.2 0.687443
83.3 0.650646
83.4 0.617381
83.5 0.587978
83.6 0.562726
83.7 0.541875
83.8 0.525631
83.9 0.514154
84 0.507558
84.1 0.505908
84.2 0.50922
84.3 0.517462
84.4 0.530552
84.5 0.548361
84.6 0.570713
84.7 0.597387
84.8 0.628119
84.9 0.662606
85 0.700509
85.1 0.741452
85.2 0.785035
85.3 0.830826
85.4 0.878377
85.5 0.927221
85.6 0.976877
85.7 1.02686
85.8 1.07668
85.9 1.12585
86 1.17389
86.1 1.22033
86.2 1.26471
86.3 1.30662
86.4 1.34562
86.5 1.38136
86.6 1.41348
86.7 1.44166
86.8 1.46564
86.9 1.48518
87 1.50009
87.1 1.51023
87.2 1.51551
87.3 1.51586
87.4 1.51128
87.5 1.50182
87.6 1.48758
87.7 1.46868
87.8 1.44532
87.9 1.41772
88 1.38614
88.1 1.3509
88.2 1.31233
88.3 1.27082
88.4 1.22676
88.5 1.18058
88.6 1.13274
88.7 1.0837
88.8 1.03395
88.9 0.983957
89 0.934224
89.1 0.885236
89.2 0.837473
89.3 0.791404
89.4 0.747482
89.5 0.706139
89.6 0.667782
89.7 0.632789
89.8 0.601505
89.9 0.574239
90 0.551259
90.1 0.532794
90.2 0.519026
90.3 0.51009
90.4 0.506076
90.5 0.507022
90.6 0.512919
90.7 0.52371
90.8 0.539287
90.9 0.559496
91 0.584138
91.1 0.61297
91.2 0.645706
91.3 0.682023
91.4 0.721565
91.5 0.76394
91.6 0.808733
91.7 0.855502
91.8 0.903788
91.9 0.953117
92 1.00301
92.1 1.05296
92.2 1.1025
92.3 1.15114
92.4 1.1984
92.5 1.24382
92.6 1.28696
92.7 1.3274
92.8 1.36474
92.9 1.39863
93 1.42872
93.1 1.45474
93.2 1.47642
93.3 1.49357
93.4 1.506
93.5 1.5136
93.6 1.5163
93.7 1.51408
93.8 1.50694
93.9 1.49497
94 1.47827
94.1 1.45701
94.2 1.4314
94.3 1.40168
94.4 1.36815
94.5 1.33112
94.6 1.29097
94.7 1.24807
94.8 1.20285
94.9 1.15574
95 1.10722
95.1 1.05774
95.2 1.0078
95.3 0.957887
95.4 0.908483
95.5 0.860077
95.6 0.813142
95.7 0.76814
95.8 0.725514
95.9 0.685684
96 0.64904
96.1 0.615946
96.2 0.586727
96.3 0.561672
96.4 0.541028
96.5 0.524999
96.6 0.513744
96.7 0.507373
96.8 0.505951
96.9 0.509491
97 0.517957
97.1 0.531267
97.2 0.549289
97.3 0.571844
97.4 0.59871
97.5 0.629621
97.6 0.664272
97.7 0.702323
97.8 0.743397
97.9 0.78709
98 0.832972
98.1 0.880593
98.2 0.929484
98.3 0.979166
98.4 1.02915
98.5 1.07895
98.6 1.12808
98.7 1.17606
98.8 1.22241
98.9 1.26669
99 1.30847
99.1 1.34734
99.2 1.38291
99.3 1.41486
99.4 1.44285
99.5 1.46663
99.6 1.48597
99.7 1.50066
99.8 1.51058
99.9 1.51563
100 1.51575
100.1 1.51095
100.2 1.50128
100.3 1.48681
100.4 1.46771
100.5 1.44415
100.6 1.41636
100.7 1.3846
100.8 1.3492
100.9 1.31049
101 1.26885
101.1 1.22468
101.2 1.17842
101.3 1.13052
101.4 1.08143
101.5 1.03166
101.6 0.981667
101.7 0.931958
101.8 0.883015
101.9 0.83532
102 0.78934
102.1 0.745526
102.2 0.704311
102.3 0.666101
102.4 0.63127
102.5 0.600164
102.6 0.573089
102.7 0.550312
102.8 0.532059
102.9 0.51851
103 0.509798
103.1 0.50601
103.2 0.507184
103.3 0.513308
103.4 0.524321
103.5 0.540114
103.6 0.560531
103.7 0.585371
103.8 0.614388
103.9 0.647295
104 0.683769
104.1 0.723449
104.2 0.765945
104.3 0.810838
104.4 0.857687
104.5 0.906031
104.6 0.955396
104.7 1.0053
104.8 1.05525
104.9 1.10476
105 1.15334
105.1 1.20053
105.2 1.24585
105.3 1.28888
105.4 1.32918
105.5 1.36637
105.6 1.40009
105.7 1.43001
105.8 1.45583
105.9 1.47731
106 1.49424
106.1 1.50645
106.2 1.51383
106.3 1.51631
106.4 1.51386
106.5 1.5065
106.6 1.4943
106.7 1.47739
106.8 1.45593
106.9 1.43013
107 1.40023
107.1 1.36652
107.2 1.32935
107.3 1.28906
107.4 1.24604
107.5 1.20072
107.6 1.15355
107.7 1.10497
107.8 1.05546
107.9 1.00551
108 0.955607
108.1 0.906238
108.2 0.857888
108.3 0.811032
108.4 0.76613
108.5 0.723623
108.6 0.683931
108.7 0.647443
108.8 0.614519
108.9 0.585485
109 0.560627
109.1 0.54019
109.2 0.524377
109.3 0.513344
109.4 0.5072
109.5 0.506005
109.6 0.509772
109.7 0.518463
109.8 0.531992
109.9 0.550225
110 0.572983
110.1 0.600041
110.2 0.631131
110.3 0.665946
110.4 0.704143
110.5 0.745346
110.6 0.789149
110.7 0.835121
110.8 0.882811
110.9 0.931749
111 0.981455
111.1 1.03144
111.2 1.08122
111.3 1.13031
111.4 1.17822
111.5 1.22449
111.6 1.26867
111.7 1.31032
111.8 1.34904
111.9 1.38446
112 1.41623
112.1 1.44404
112.2 1.46762
112.3 1.48674
112.4 1.50122
112.5 1.51092
112.6 1.51574
112.7 1.51564
112.8 1.51062
112.9 1.50072
113 1.48604
113.1 1.46672
113.2 1.44296
113.3 1.41498
113.4 1.38306
113.5 1.34749
113.6 1.30864
113.7 1.26688
113.8 1.2226
113.9 1.17626
114 1.12829
114.1 1.07916
114.2 1.02936
114.3 0.979377
114.4 0.929693
114.5 0.880797
114.6 0.83317
114.7 0.787279
114.8 0.743576
114.9 0.70249
115 0.664427
115.1 0.62976
115.2 0.598832
115.3 0.571949
115.4 0.549375
115.5 0.531334
115.6 0.518003
115.7 0.509516
115.8 0.505956
115.9 0.507357
116 0.513706
116.1 0.524941
116.2 0.54095
116.3 0.561575
116.4 0.586612
116.5 0.615814
116.6 0.648893
116.7 0.685522
116.8 0.72534
116.9 0.767955
117 0.812947
117.1 0.859875
117.2 0.908276
117.3 0.957677
117.4 1.00759
117.5 1.05753
117.6 1.10701
117.7 1.15554
117.8 1.20265
117.9 1.24788
118 1.29079
118.1 1.33096
118.2 1.368
118.3 1.40155
118.4 1.43128
118.5 1.45691
118.6 1.47819
118.7 1.4949
118.8 1.5069
118.9 1.51406
119 1.5163
119.1 1.51362
119.2 1.50604
119.3 1.49363
119.4 1.47651
119.5 1.45484
119.6 1.42884
119.7 1.39876
119.8 1.36489
119.9 1.32756
120 1.28714
120.1 1.24401
120.2 1.1986
120.3 1.15135
120.4 1.10271
120.5 1.05317
120.6 1.00322
120.7 0.953327
120.8 0.903995
120.9 0.855703
121 0.808927
121.1 0.764125
121.2 0.721738
121.3 0.682184
121.4 0.645852
121.5 0.6131
121.6 0.584252
121.7 0.559591
121.8 0.539363
121.9 0.523766
122 0.512955
122.1 0.507036
122.2 0.506069
122.3 0.510063
122.4 0.518978
122.5 0.532726
122.6 0.551172
122.7 0.574132
122.8 0.601381
122.9 0.632648
123 0.667626
123.1 0.70597
123.2 0.747301
123.3 0.791213
123.4 0.837274
123.5 0.885031
123.6 0.934015
123.7 0.983745
123.8 1.03374
123.9 1.08349
124 1.13254
124.1 1.18038
124.2 1.22657
124.3 1.27064
124.4 1.31216
124.5 1.35074
124.6 1.386
124.7 1.41759
124.8 1.44521
124.9 1.4686
125 1.48751
125.1 1.50177
125.2 1.51125
125.3 1.51585
125.4 1.51552
125.5 1.51027
125.6 1.50015
125.7 1.48525
125.8 1.46573
125.9 1.44177
126 1.4136
126.1 1.3815
126.2 1.34578
126.3 1.30679
126.4 1.2649
126.5 1.22052
126.6 1.17409
126.7 1.12606
126.8 1.07689
126.9 1.02707
127 0.977088
127.1 0.927429
127.2 0.878582
127.3 0.831024
127.4 0.785224
127.5 0.741632
127.6 0.700676
127.7 0.66276
127.8 0.628257
127.9 0.597509
128 0.570817
128.1 0.548447
128.2 0.530618
128.3 0.517507
128.4 0.509245
128.5 0.505911
128.6 0.50754
128.7 0.514115
128.8 0.525572
128.9 0.541796
129 0.562629
129.1 0.587862
129.2 0.617249
129.3 0.650497
129.4 0.687281
129.5 0.727236
129.6 0.769969
129.7 0.81506
129.8 0.862066
129.9 0.910523
130 0.959958
130.1 1.00989
130.2 1.05982
130.3 1.10926
130.4 1.15774
130.5 1.20477
130.6 1.2499
130.7 1.2927
130.8 1.33273
130.9 1.36962
131 1.403
131.1 1.43255
131.2 1.45799
131.3 1.47906
131.4 1.49556
131.5 1.50733
131.6 1.51427
131.7 1.51629
131.8 1.51338
131.9 1.50558
132 1.49295
132.1 1.47561
132.2 1.45374
132.3 1.42755
132.4 1.39729
132.5 1.36325
132.6 1.32578
132.7 1.28522
132.8 1.24197
132.9 1.19647
133 1.14914
133.1 1.10046
133.2 1.05089
133.3 1.00092
133.4 0.951049
133.5 0.901754
133.6 0.853521
133.7 0.806826
133.8 0.762125
133.9 0.719859
134 0.680445
134.1 0.644269
134.2 0.611689
134.3 0.583027
134.4 0.558565
134.5 0.538545
134.6 0.523164
134.7 0.512576
134.8 0.506883
134.9 0.506144
135 0.510365
135.1 0.519504
135.2 0.533471
135.3 0.552127
135.4 0.57529
135.5 0.602729
135.6 0.634174
135.7 0.669314
135.8 0.707803
135.9 0.749262
136 0.793282
136.1 0.839431
136.2 0.887254
136.3 0.936283
136.4 0.986036
136.5 1.03603
136.6 1.08576
136.7 1.13476
136.8 1.18254
136.9 1.22864
137 1.2726
137.1 1.314
137.2 1.35244
137.3 1.38753
137.4 1.41895
137.5 1.44638
137.6 1.46956
137.7 1.48827
137.8 1.50231
137.9 1.51157
138 1.51594
138.1 1.51538
138.2 1.50991
138.3 1.49957
138.4 1.48446
138.5 1.46473
138.6 1.44057
138.7 1.41222
138.8 1.37994
138.9 1.34406
139 1.30493
139.1 1.26291
139.2 1.21843
139.3 1.17192
139.4 1.12382
139.5 1.07462
139.6 1.02478
139.7 0.9748
139.8 0.925168
139.9 0.876369
140 0.828882
140.1 0.783173
140.2 0.739692
140.3 0.698867
140.4 0.6611
140.5 0.626762
140.6 0.596194
140.7 0.569695
140.8 0.547528
140.9 0.529912
141 0.517022
141.1 0.508983
141.2 0.505877
141.3 0.507734
141.4 0.514535
141.5 0.526213
141.6 0.542652
141.7 0.563691
141.8 0.589121
141.9 0.618691
142 0.65211
142.1 0.689047
142.2 0.729138
142.3 0.771989
142.4 0.817177
142.5 0.86426
142.6 0.912773
142.7 0.962241
142.8 1.01218
142.9 1.0621
143 1.11151
143.1 1.15993
143.2 1.20688
143.3 1.25192
143.4 1.29459
143.5 1.33449
143.6 1.37123
143.7 1.40444
143.8 1.43381
143.9 1.45905
144 1.47991
144.1 1.4962
144.2 1.50776
144.3 1.51447
144.4 1.51626
144.5 1.51313
144.6 1.5051
144.7 1.49225
144.8 1.47471
144.9 1.45263
145 1.42625
145.1 1.39581
145.2 1.36161
145.3 1.32398
145.4 1.28329
145.5 1.23993
145.6 1.19433
145.7 1.14693
145.8 1.0982
145.9 1.0486
146 0.99863
146.1 0.948772
146.2 0.899515
146.3 0.851343
146.4 0.804729
146.5 0.76013
146.6 0.717986
146.7 0.678712
146.8 0.642694
146.9 0.610287
147 0.581811
147.1 0.557548
147.2 0.537737
147.3 0.522573
147.4 0.512207
147.5 0.506741
147.6 0.506229
147.7 0.510677
147.8 0.520039
147.9 0.534225
148 0.553093
148.1 0.576456
148.2 0.604085
148.3 0.635707
148.4 0.671008
148.5 0.709642
148.6 0.751228
148.7 0.795355
148.8 0.841591
148.9 0.88948
149 0.938553
149.1 0.988327
149.2 1.03832
149.3 1.08803
149.4 1.13698
149.5 1.1847
149.6 1.2307
149.7 1.27456
149.8 1.31583
149.9 1.35412
150 1.38906
150.1 1.4203
150.2 1.44754
150.3 1.47052
150.4 1.48901
150.5 1.50284
150.6 1.51188
150.7 1.51602
150.8 1.51524
150.9 1.50954
151 1.49898
151.1 1.48365
151.2 1.46372
151.3 1.43936
151.4 1.41082
151.5 1.37837
151.6 1.34234
151.7 1.30306
151.8 1.26092
151.9 1.21634
152 1.16974
152.1 1.12159
152.2 1.07234
152.3 1.02249
152.4 0.972513
152.5 0.922908
152.6 0.874159
152.7 0.826743
152.8 0.781127
152.9 0.737759
153 0.697065
153.1 0.659447
153.2 0.625276
153.3 0.594887
153.4 0.568582
153.5 0.546619
153.6 0.529217
153.7 0.516546
153.8 0.508733
153.9 0.505854
154 0.507938
154.1 0.514964
154.2 0.526864
154.3 0.543518
154.4 0.564763
154.5 0.590389
154.6 0.620142
154.7 0.653729
154.8 0.690819
154.9 0.731046
155 0.774013
155.1 0.819299
155.2 0.866457
155.3 0.915024
155.4 0.964524
155.5 1.01447
155.6 1.06438
155.7 1.11375
155.8 1.16212
155.9 1.209
156 1.25393
156.1 1.29649
156.2 1.33625
156.3 1.37283
156.4 1.40587
156.5 1.43506
156.6 1.4601
156.7 1.48076
156.8 1.49684
156.9 1.50817
157 1.51466
157.1 1.51623
157.2 1.51287
157.3 1.50462
157.4 1.49155
157.5 1.47379
157.6 1.45152
157.7 1.42494
157.8 1.39432
157.9 1.35995
158 1.32218
158.1 1.28136
158.2 1.23789
158.3 1.1922
158.4 1.14473
158.5 1.09594
158.6 1.04632
158.7 0.996338
158.8 0.946496
158.9 0.897278
159 0.849167
159.1 0.802636
159.2 0.758141
159.3 0.716119
159.4 0.676986
159.5 0.641126
159.6 0.608893
159.7 0.580604
159.8 0.55654
159.9 0.536938
160 0.521992
160.1 0.511848
160.2 0.506609
160.3 0.506325
160.4 0.510999
160.5 0.520585
160.6 0.534989
160.7 0.554067
160.8 0.577632
160.9 0.60545
161 0.637248
161.1 0.67271
161.2 0.711488
161.3 0.753199
161.4 0.797433
161.5 0.843754
161.6 0.891708
161.7 0.940824
161.8 0.990619
161.9 1.04061
162 1.0903
162.1 1.1392
162.2 1.18685
162.3 1.23276
162.4 1.27651
162.5 1.31765
162.6 1.3558
162.7 1.39057
162.8 1.42164
162.9 1.44869
163 1.47147
163.1 1.48975
163.2 1.50336
163.3 1.51217
163.4 1.51609
163.5 1.51509
163.6 1.50916
163.7 1.49838
163.8 1.48284
163.9 1.46269
164 1.43814
164.1 1.40941
164.2 1.3768
164.3 1.3406
164.4 1.30119
164.5 1.25893
164.6 1.21424
164.7 1.16757
164.8 1.11935
164.9 1.07006
165 1.02019
165.1 0.970226
165.2 0.92065
165.3 0.871951
165.4 0.824608
165.5 0.779086
165.6 0.735831
165.7 0.69527
165.8 0.657802
165.9 0.623797
166 0.593589
166.1 0.567478
166.2 0.54572
166.3 0.528531
166.4 0.516081
166.5 0.508492
166.6 0.505841
166.7 0.508152
166.8 0.515404
166.9 0.527524
167 0.544393
167.1 0.565844
167.2 0.591665
167.3 0.621601
167.4 0.655356
167.5 0.692598
167.6 0.732959
167.7 0.776043
167.8 0.821424
167.9 0.868657
168 0.917278
168.1 0.966809
168.2 1.01677
168.3 1.06666
168.4 1.116
168.5 1.1643
168.6 1.2111
168.7 1.25594
168.8 1.29838
168.9 1.338
169 1.37443
169.1 1.4073
169.2 1.4363
169.3 1.46115
169.4 1.4816
169.5 1.49746
169.6 1.50858
169.7 1.51484
169.8 1.51618
169.9 1.5126
170 1.50412
170.1 1.49084
170.2 1.47287
170.3 1.45039
170.4 1.42362
170.5 1.39282
170.6 1.35829
170.7 1.32037
170.8 1.27942
170.9 1.23584
171 1.19005
171.1 1.14251
171.2 1.09368
171.3 1.04403
171.4 0.994045
171.5 0.944221
171.6 0.895044
171.7 0.846995
171.8 0.800547
171.9 0.756156
172 0.714259
172.1 0.675267
172.2 0.639566
172.3 0.607507
172.4 0.579406
172.5 0.555542
172.6 0.53615
172.7 0.52142
172.8 0.5115
172.9 0.506487
173 0.506431
173.1 0.511332
173.2 0.521141
173.3 0.535763
173.4 0.555051
173.5 0.578817
173.6 0.606824
173.7 0.638796
173.8 0.674419
173.9 0.71334
174 0.755176
174.1 0.799515
174.2 0.845921
174.3 0.893939
174.4 0.943096
174.5 0.992911
174.6 1.04289
174.7 1.09256
174.8 1.14142
174.9 1.18899
175 1.23482
175.1 1.27846
175.2 1.31947
175.3 1.35747
175.4 1.39208
175.5 1.42297
175.6 1.44983
175.7 1.47241
175.8 1.49048
175.9 1.50387
176 1.51246
176.1 1.51616
176.2 1.51492
176.3 1.50877
176.4 1.49777
176.5 1.48201
176.6 1.46166
176.7 1.43691
176.8 1.408
176.9 1.37521
177 1.33886
177.1 1.29931
177.2 1.25693
177.3 1.21214
177.4 1.16538
177.5 1.11711
177.6 1.06779
177.7 1.0179
177.8 0.96794
177.9 0.918394
178 0.869747
178.1 0.822477
178.2 0.777049
178.3 0.733909
178.4 0.693481
178.5 0.656164
178.6 0.622326
178.7 0.5923
178.8 0.566383
178.9 0.54483
179 0.527855
179.1 0.515626
179.2 0.508262
179.3 0.505838
179.4 0.508377
179.5 0.515854
179.6 0.528195
179.7 0.545278
179.8 0.566935
179.9 0.59295
180 0.623068
180.1 0.656991
180.2 0.694384
180.3 0.734879
180.4 0.778077
180.5 0.823553
180.6 0.87086
180.7 0.919533
180.8 0.969094
180.9 1.01906
181 1.06894
181.1 1.11824
181.2 1.16649
181.3 1.2132
181.4 1.25794
181.5 1.30026
181.6 1.33974
181.7 1.37601
181.8 1.40872
181.9 1.43753
182 1.46218
182.1 1.48243
182.2 1.49808
182.3 1.50897
182.4 1.51501
182.5 1.51613
182.6 1.51232
182.7 1.50362
182.8 1.49011
182.9 1.47193
183 1.44925
183.1 1.4223
183.2 1.39132
183.3 1.35663
183.4 1.31855
183.5 1.27747
183.6 1.23378
183.7 1.18791
183.8 1.1403
183.9 1.09142
184 1.04174
184.1 0.991753
184.2 0.941948
184.3 0.892812
184.4 0.844827
184.5 0.798463
184.6 0.754177
184.7 0.712404
184.8 0.673555
184.9 0.638013
185 0.606129
185.1 0.578217
185.2 0.554553
185.3 0.535371
185.4 0.520859
185.5 0.511162
185.6 0.506376
185.7 0.506547
185.8 0.511675
185.9 0.521708
186 0.536547
186.1 0.556045
186.2 0.58001
186.3 0.608206
186.4 0.640353
186.5 0.676134
186.6 0.715198
186.7 0.757158
186.8 0.801601
186.9 0.848092
187 0.896172
187.1 0.94537
187.2 0.995203
187.3 1.04518
187.4 1.09482
187.5 1.14363
187.6 1.19114
187.7 1.23687
187.8 1.2804
187.9 1.32128
188 1.35913
188.1 1.39358
188.2 1.42429
188.3 1.45096
188.4 1.47333
188.5 1.4912
188.6 1.50437
188.7 1.51274
188.8 1.51621
188.9 1.51475
189 1.50837
189.1 1.49715
189.2 1.48118
189.3 1.46062
189.4 1.43567
189.5 1.40658
189.6 1.37362
189.7 1.33712
189.8 1.29742
189.9 1.25493
190 1.21004
190.1 1.1632
190.2 1.11486
190.3 1.06551
190.4 1.01561
190.5 0.965655
190.6 0.916139
190.7 0.867545
190.8 0.82035
190.9 0.775017
191 0.731992
191.1 0.691699
191.2 0.654534
191.3 0.620863
191.4 0.591019
191.5 0.565297
191.6 0.54395
191.7 0.527189
191.8 0.515181
191.9 0.508043
192 0.505846
192.1 0.508612
192.2 0.516314
192.3 0.528876
192.4 0.546173
192.5 0.568034
192.6 0.594244
192.7 0.624543
192.8 0.658632
192.9 0.696176
193 0.736804
193.1 0.780116
193.2 0.825686
193.3 0.873066
193.4 0.92179
193.5 0.971381
193.6 1.02135
193.7 1.07121
193.8 1.12048
193.9 1.16867
194 1.2153
194.1 1.25994
194.2 1.30213
194.3 1.34148
194.4 1.37759
194.5 1.41012
194.6 1.43876
194.7 1.46321
194.8 1.48325
194.9 1.49868
195 1.50935
195.1 1.51517
195.2 1.51606
195.3 1.51202
195.4 1.5031
195.5 1.48938
195.6 1.47099
195.7 1.44811
195.8 1.42096
195.9 1.38981
196 1.35495
196.1 1.31673
196.2 1.27552
196.3 1.23172
196.4 1.18576
196.5 1.13808
196.6 1.08915
196.7 1.03945
196.8 0.989461
196.9 0.939677
197 0.890583
197.1 0.842661
197.2 0.796383
197.3 0.752203
197.4 0.710555
197.5 0.67185
197.6 0.636469
197.7 0.60476
197.8 0.577037
197.9 0.553574
198 0.534602
198.1 0.520308
198.2 0.510835
198.3 0.506275
198.4 0.506674
198.5 0.512028
198.6 0.522284
198.7 0.53734
198.8 0.557048
198.9 0.581213
199 0.609596
199.1 0.641917
199.2 0.677857
199.3 0.717062
199.4 0.759145
199.5 0.803692
199.6 0.850266
199.7 0.898407
199.8 0.947645
199.9 0.997496
200 1.04747
200.1 1.09708
200.2 1.14584
200.3 1.19328
200.4 1.23892
200.5 1.28233
200.6 1.32309
200.7 1.36079
200.8 1.39507
200.9 1.4256
201 1.45208
201.1 1.47425
201.2 1.49191
201.3 1.50486
201.4 1.513
201.5 1.51625
201.6 1.51456
201.7 1.50796
201.8 1.49652
201.9 1.48034
202 1.45957
202.1 1.43443
202.2 1.40515
202.3 1.37202
202.4 1.33536
202.5 1.29553
202.6 1.25292
202.7 1.20793
202.8 1.16101
202.9 1.11262
203 1.06323
203.1 1.01331
203.2 0.963371
203.3 0.913887
203.4 0.865347
203.5 0.818227
203.6 0.77299
203.7 0.730082
203.8 0.689923
203.9 0.65291
204 0.619408
204.1 0.589748
204.2 0.564221
204.3 0.54308
204.4 0.526534
204.5 0.514746
204.6 0.507834
204.7 0.505864
204.8 0.508858
204.9 0.516785
205 0.529567
205.1 0.547077
205.2 0.569143
205.3 0.595546
205.4 0.626025
205.5 0.660281
205.6 0.697975
205.7 0.738735
205.8 0.78216
205.9 0.827823
206 0.875274
206.1 0.924049
206.2 0.973668
206.3 1.02364
206.4 1.07349
206.5 1.12272
206.6 1.17084
206.7 1.2174
206.8 1.26193
206.9 1.304
207 1.34321
207.1 1.37917
207.2 1.41152
207.3 1.43997
207.4 1.46423
207.5 1.48406
207.6 1.49928
207.7 1.50973
207.8 1.51531
207.9 1.51598
208 1.51172
208.1 1.50258
208.2 1.48864
208.3 1.47004
208.4 1.44696
208.5 1.41962
208.6 1.38829
208.7 1.35327
208.8 1.31491
208.9 1.27357
209 1.22966
209.1 1.18361
209.2 1.13586
209.3 1.08689
209.4 1.03716
209.5 0.98717
209.6 0.937406
209.7 0.888356
209.8 0.8405
209.9 0.794308
210 0.750234
210.1 0.708713
210.2 0.670152
210.3 0.634932
210.4 0.603399
210.5 0.575866
210.6 0.552604
210.7 0.533843
210.8 0.519768
210.9 0.510518
211 0.506185
211.1 0.506812
211.2 0.512392
211.3 0.52287
211.4 0.538143
211.5 0.55806
211.6 0.582424
211.7 0.610994
211.8 0.643488
211.9 0.679586
212 0.718932
212.1 0.761137
212.2 0.805787
212.3 0.852443
212.4 0.900645
212.5 0.949921
212.6 0.999788
212.7 1.04976
212.8 1.09934
212.9 1.14805
213 1.19541
213.1 1.24096
213.2 1.28426
213.3 1.32489
213.4 1.36244
213.5 1.39656
213.6 1.42691
213.7 1.45319
213.8 1.47516
213.9 1.4926
214 1.50534
214.1 1.51326
214.2 1.51628
214.3 1.51437
214.4 1.50755
214.5 1.49588
214.6 1.47948
214.7 1.45851
214.8 1.43317
214.9 1.40371
215 1.37041
215.1 1.3336
215.2 1.29364
215.3 1.2509
215.4 1.20582
215.5 1.15882
215.6 1.11037
215.7 1.06094
215.8 1.01102
215.9 0.961088
216 0.911637
216.1 0.863151
216.2 0.816108
216.3 0.770968
216.4 0.728177
216.5 0.688154
216.6 0.651295
216.7 0.617962
216.8 0.588484
216.9 0.563153
217 0.542219
217.1 0.525888
217.2 0.514322
217.3 0.507635
217.4 0.505893
217.5 0.509114
217.6 0.517266
217.7 0.530267
217.8 0.547991
217.9 0.57026
218 0.596857
218.1 0.627516
218.2 0.661937
218.3 0.69978
218.4 0.740671
218.5 0.784208
218.6 0.829963
218.7 0.877486
218.8 0.92631
218.9 0.975956
219 1.02594
219.1 1.07576
219.2 1.12495
219.3 1.17301
219.4 1.21949
219.5 1.26392
219.6 1.30587
219.7 1.34493
219.8 1.38073
219.9 1.41292
220 1.44118
220.1 1.46524
220.2 1.48486
220.3 1.49986
220.4 1.51009
220.5 1.51545
220.6 1.51589
220.7 1.51141
220.8 1.50204
220.9 1.48789
221 1.46907
221.1 1.44579
221.2 1.41827
221.3 1.38676
221.4 1.35158
221.5 1.31307
221.6 1.27161
221.7 1.22759
221.8 1.18145
221.9 1.13364
222 1.08462
222.1 1.03487
222.2 0.984879
222.3 0.935138
222.4 0.886131
222.5 0.838341
222.6 0.792237
222.7 0.748271
222.8 0.706877
222.9 0.668461
223 0.633402
223.1 0.602047
223.2 0.574704
223.3 0.551644
223.4 0.533093
223.5 0.519237
223.6 0.510211
223.7 0.506105
223.8 0.506959
223.9 0.512766
224 0.523467
224.1 0.538957
224.2 0.559082
224.3 0.583644
224.4 0.612401
224.5 0.645068
224.6 0.681322
224.7 0.720808
224.8 0.763134
224.9 0.807886
225 0.854623
225.1 0.902885
225.2 0.952199
225.3 1.00208
225.4 1.05204
225.5 1.1016
225.6 1.15025
225.7 1.19754
225.8 1.243
225.9 1.28619
226 1.32668
226.1 1.36408
226.2 1.39803
226.3 1.4282
226.4 1.4543
226.5 1.47606
226.6 1.49329
226.7 1.50581
226.8 1.51351
226.9 1.5163
227 1.51416
227.1 1.50712
227.2 1.49523
227.3 1.47862
227.4 1.45744
227.5 1.43191
227.6 1.40227
227.7 1.3688
227.8 1.33184
227.9 1.29173
228 1.24888
228.1 1.2037
228.2 1.15663
228.3 1.10812
228.4 1.05866
228.5 1.00873
228.6 0.958806
228.7 0.909388
228.8 0.860959
228.9 0.813993
229 0.768951
229.1 0.726277
229.2 0.686391
229.3 0.649686
229.4 0.616523
229.5 0.58723
229.6 0.562095
229.7 0.541368
229.8 0.525252
229.9 0.513908
230 0.507446
230.1 0.505932
230.2 0.50938
230.3 0.517757
230.4 0.530978
230.5 0.548914
230.6 0.571387
230.7 0.598176
230.8 0.629015
230.9 0.663601
231 0.701591
231.1 0.742613
231.2 0.786261
231.3 0.832107
231.4 0.8797
231.5 0.928572
231.6 0.978244
231.7 1.02823
231.8 1.07804
231.9 1.12718
232 1.17518
232.1 1.22157
232.2 1.2659
232.3 1.30772
232.4 1.34665
232.5 1.38229
232.6 1.4143
232.7 1.44237
232.8 1.46623
232.9 1.48565
233 1.50044
233.1 1.51044
233.2 1.51558
233.3 1.5158
233.4 1.51109
233.5 1.5015
233.6 1.48712
233.7 1.4681
233.8 1.44462
233.9 1.41691
234 1.38522
234.1 1.34989
234.2 1.31123
234.3 1.26964
234.4 1.22552
234.5 1.17929
234.6 1.13141
234.7 1.08235
234.8 1.03258
234.9 0.982589
235 0.93287
235.1 0.883909
235.2 0.836187
235.3 0.79017
235.4 0.746313
235.5 0.705047
235.6 0.666777
235.7 0.631881
235.8 0.600703
235.9 0.573551
236 0.550693
236.1 0.532354
236.2 0.518716
236.3 0.509915
236.4 0.506035
236.5 0.507118
236.6 0.51315
236.7 0.524073
236.8 0.539779
236.9 0.560113
237 0.584873
237.1 0.613816
237.2 0.646654
237.3 0.683065
237.4 0.72269
237.5 0.765137
237.6 0.80999
237.7 0.856806
237.8 0.905127
237.9 0.954478
238 1.00437
238.1 1.05433
238.2 1.10385
238.3 1.15246
238.4 1.19967
238.5 1.24504
238.6 1.28811
238.7 1.32847
238.8 1.36572
238.9 1.3995
239 1.42949
239.1 1.45539
239.2 1.47695
239.3 1.49397
239.4 1.50627
239.5 1.51374
239.6 1.51631
239.7 1.51395
239.8 1.50668
239.9 1.49457
240 1.47775
240.1 1.45637
240.2 1.43064
240.3 1.40081
240.4 1.36718
240.5 1.33006
240.6 1.28983
240.7 1.24686
240.8 1.20158
240.9 1.15443
241 1.10587
241.1 1.05638
241.2 1.00643
241.3 0.956525
241.4 0.907142
241.5 0.858769
241.6 0.811881
241.7 0.766939
241.8 0.724384
241.9 0.684636
242 0.648085
242.1 0.615093
242.2 0.585984
242.3 0.561047
242.4 0.540527
242.5 0.524626
242.6 0.513504
242.7 0.507268
242.8 0.505982
242.9 0.509657
243 0.518258
243.1 0.531699
243.2 0.549847
243.3 0.572523
243.4 0.599504
243.5 0.630522
243.6 0.665271
243.7 0.703409
243.8 0.74456
243.9 0.788319
244 0.834255
244.1 0.881917
244.2 0.930836
244.3 0.980533
244.4 1.03052
244.5 1.08031
244.6 1.12941
244.7 1.17735
244.8 1.22365
244.9 1.26787
245 1.30958
245.1 1.34836
245.2 1.38384
245.3 1.41568
245.4 1.44356
245.5 1.46722
245.6 1.48643
245.7 1.501
245.8 1.51079
245.9 1.5157
246 1.51569
246.1 1.51075
246.2 1.50094
246.3 1.48635
246.4 1.46712
246.5 1.44344
246.6 1.41554
246.7 1.38368
246.8 1.34818
246.9 1.30939
247 1.26767
247.1 1.22344
247.2 1.17713
247.3 1.12918
247.4 1.08008
247.5 1.03029
247.6 0.980299
247.7 0.930605
247.8 0.88169
247.9 0.834035
248 0.788109
248.1 0.744361
248.2 0.703223
248.3 0.6651
248.4 0.630367
248.5 0.599367
248.6 0.572407
248.7 0.549751
248.8 0.531625
248.9 0.518206
249 0.509628
249.1 0.505976
249.2 0.507286
249.3 0.513545
249.4 0.52469
249.5 0.540612
249.6 0.561154
249.7 0.586111
249.8 0.615239
249.9 0.648249
250 0.684815
250.1 0.724578
250.2 0.767145
250.3 0.812097
250.4 0.858993
250.5 0.907372
250.6 0.956758
250.7 1.00667
250.8 1.05661
250.9 1.1061
251 1.15466
251.1 1.2018
251.2 1.24707
251.3 1.29002
251.4 1.33024
251.5 1.36735
251.6 1.40096
251.7 1.43077
251.8 1.45648
251.9 1.47784
252 1.49464
252.1 1.50672
252.2 1.51397
252.3 1.51631
252.4 1.51372
252.5 1.50623
252.6 1.4939
252.7 1.47686
252.8 1.45528
252.9 1.42936
253 1.39935
253.1 1.36555
253.2 1.32828
253.3 1.28791
253.4 1.24483
253.5 1.19945
253.6 1.15223
253.7 1.10362
253.8 1.05409
253.9 1.00414
254 0.954245
254.1 0.904898
254.2 0.856583
254.3 0.809774
254.4 0.764932
254.5 0.722497
254.6 0.682887
254.7 0.646492
254.8 0.613671
254.9 0.584747
255 0.560007
255.1 0.539695
255.2 0.524011
255.3 0.51311
255.4 0.507101
255.5 0.506042
255.6 0.509944
255.7 0.518769
255.8 0.532429
255.9 0.550789
256 0.573668
256.1 0.60084
256.2 0.632036
256.3 0.666949
256.4 0.705233
256.5 0.746513
256.6 0.790382
256.7 0.836407
256.8 0.884137
256.9 0.933102
257 0.982823
257.1 1.03281
257.2 1.08258
257.3 1.13164
257.4 1.17951
257.5 1.22573
257.6 1.26984
257.7 1.31142
257.8 1.35006
257.9 1.38538
258 1.41704
258.1 1.44474
258.2 1.4682
258.3 1.4872
258.4 1.50155
258.5 1.51112
258.6 1.51581
258.7 1.51557
258.8 1.51041
258.9 1.50038
259 1.48557
259.1 1.46613
259.2 1.44225
259.3 1.41416
259.4 1.38213
259.5 1.34647
259.6 1.30753
259.7 1.26569
259.8 1.22136
259.9 1.17496
260 1.12695
260.1 1.07781
260.2 1.02799
260.3 0.97801
260.4 0.928341
260.5 0.879473
260.6 0.831888
260.7 0.786051
260.8 0.742414
260.9 0.701406
261 0.66343
261.1 0.628861
261.2 0.598041
261.3 0.571272
261.4 0.548819
261.5 0.530905
261.6 0.517706
261.7 0.509353
261.8 0.505928
261.9 0.507465
262 0.51395
262.1 0.525317
262.2 0.541454
262.3 0.562203
262.4 0.587358
262.5 0.61667
262.6 0.64985
262.7 0.686571
262.8 0.726471
262.9 0.769157
263 0.814209
263.1 0.861183
263.2 0.909618
263.3 0.959039
263.4 1.00896
263.5 1.0589
263.6 1.10835
263.7 1.15685
263.8 1.20392
263.9 1.24909
264 1.29193
264.1 1.33202
264.2 1.36897
264.3 1.40242
264.4 1.43204
264.5 1.45755
264.6 1.47871
264.7 1.4953
264.8 1.50716
264.9 1.51418
265 1.5163
265.1 1.51348
265.2 1.50577
265.3 1.49322
265.4 1.47597
265.5 1.45419
265.6 1.42807
265.7 1.39788
265.8 1.36392
265.9 1.3265
266 1.28599
266.1 1.2428
266.2 1.19733
266.3 1.15003
266.4 1.10137
266.5 1.05181
266.6 1.00185
266.7 0.951966
266.8 0.902656
266.9 0.8544
267 0.807671
267.1 0.76293
267.2 0.720615
267.3 0.681144
267.4 0.644906
267.5 0.612257
267.6 0.583519
267.7 0.558977
267.8 0.538873
267.9 0.523405
268 0.512727
268.1 0.506944
268.2 0.506113
268.3 0.510242
268.4 0.519291
268.5 0.53317
268.6 0.551741
268.7 0.574822
268.8 0.602185
268.9 0.633558
269 0.668633
269.1 0.707064
269.2 0.748472
269.3 0.792448
269.4 0.838562
269.5 0.886359
269.6 0.935369
269.7 0.985114
269.8 1.0351
269.9 1.08485
270 1.13387
270.1 1.18167
270.2 1.2278
270.3 1.27181
270.4 1.31326
270.5 1.35175
270.6 1.38692
270.7 1.4184
270.8 1.44591
270.9 1.46917
271 1.48796
271.1 1.5021
271.2 1.51144
271.3 1.5159
271.4 1.51544
271.5 1.51005
271.6 1.4998
271.7 1.48478
271.8 1.46513
271.9 1.44105
272 1.41278
272.1 1.38057
272.2 1.34476
272.3 1.30568
272.4 1.26371
272.5 1.21927
272.6 1.17279
272.7 1.12472
272.8 1.07553
272.9 1.0257
273 0.975722
273.1 0.926078
273.2 0.87726
273.3 0.829744
273.4 0.783999
273.5 0.740473
273.6 0.699595
273.7 0.661767
273.8 0.627363
273.9 0.596722
274 0.570146
274.1 0.547897
274.2 0.530195
274.3 0.517216
274.4 0.509087
274.5 0.50589
274.6 0.507655
274.7 0.514365
274.8 0.525953
274.9 0.542307
275 0.563262
275.1 0.588613
275.2 0.618109
275.3 0.65146
275.4 0.688335
275.5 0.728371
275.6 0.771175
275.7 0.816324
275.8 0.863376
275.9 0.911867
276 0.961321
276.1 1.01126
276.2 1.06118
276.3 1.1106
276.4 1.15905
276.5 1.20603
276.6 1.25111
276.7 1.29383
276.8 1.33378
276.9 1.37058
277 1.40386
277.1 1.4333
277.2 1.45862
277.3 1.47957
277.4 1.49595
277.5 1.50759
277.6 1.51439
277.7 1.51628
277.8 1.51323
277.9 1.50529
278 1.49253
278.1 1.47507
278.2 1.45308
278.3 1.42677
278.4 1.39641
278.5 1.36227
278.6 1.3247
278.7 1.28407
278.8 1.24076
278.9 1.19519
279 1.14782
279.1 1.09911
279.2 1.04952
279.3 0.999554
279.4 0.949689
279.5 0.900416
279.6 0.85222
279.7 0.805573
279.8 0.760933
279.9 0.71874
280 0.679409
280.1 0.643327
280.2 0.610851
280.3 0.5823
280.4 0.557956
280.5 0.538061
280.6 0.52281
280.7 0.512354
280.8 0.506797
280.9 0.506194
281 0.51055
281.1 0.519822
281.2 0.53392
281.3 0.552703
281.4 0.575986
281.5 0.603538
281.6 0.635088
281.7 0.670325
281.8 0.708901
281.9 0.750435
282 0.79452
282.1 0.840721
282.2 0.888583
282.3 0.937638
282.4 0.987404
282.5 1.03739
282.6 1.08712
282.7 1.13609
282.8 1.18383
282.9 1.22987
283 1.27377
283.1 1.31509
283.2 1.35344
283.3 1.38844
283.4 1.41975
283.5 1.44707
283.6 1.47013
283.7 1.48871
283.8 1.50263
283.9 1.51175
284 1.51599
284.1 1.5153
284.2 1.50969
284.3 1.49922
284.4 1.48398
284.5 1.46412
284.6 1.43985
284.7 1.41138
284.8 1.37901
284.9 1.34303
285 1.30381
285.1 1.26173
285.2 1.21718
285.3 1.17062
285.4 1.12249
285.5 1.07326
285.6 1.02341
285.7 0.973434
285.8 0.923818
285.9 0.875048
286 0.827604
286.1 0.78195
286.2 0.738537
286.3 0.69779
286.4 0.660112
286.5 0.625873
286.6 0.595412
286.7 0.569029
286.8 0.546984
286.9 0.529496
287 0.516736
287.1 0.508832
287.2 0.505862
287.3 0.507854
287.4 0.51479
287.5 0.5266
287.6 0.543168
287.7 0.56433
287.8 0.589877
287.9 0.619557
288 0.653076
288.1 0.690104
288.2 0.730277
288.3 0.773197
288.4 0.818444
288.5 0.865572
288.6 0.914117
288.7 0.963605
288.8 1.01355
288.9 1.06346
289 1.11285
289.1 1.16124
289.2 1.20815
289.3 1.25312
289.4 1.29573
289.5 1.33554
289.6 1.37219
289.7 1.4053
289.8 1.43456
289.9 1.45968
290 1.48042
290.1 1.49658
290.2 1.50801
290.3 1.51458
290.4 1.51624
290.5 1.51298
290.6 1.50481
290.7 1.49183
290.8 1.47416
290.9 1.45197
291 1.42547
291.1 1.39492
291.2 1.36062
291.3 1.3229
291.4 1.28214
291.5 1.23871
291.6 1.19306
291.7 1.14562
291.8 1.09685
291.9 1.04724
292 0.997261
292.1 0.947412
292.2 0.898179
292.3 0.850043
292.4 0.803478
292.5 0.758941
292.6 0.716871
292.7 0.67768
292.8 0.641756
292.9 0.609453
293 0.581089
293.1 0.556945
293.2 0.537259
293.3 0.522224
293.4 0.511991
293.5 0.506661
293.6 0.506285
293.7 0.510868
293.8 0.520364
293.9 0.53468
294 0.553674
294.1 0.577158
294.2 0.6049
294.3 0.636626
294.4 0.672024
294.5 0.710744
294.6 0.752405
294.7 0.796596
294.8 0.842883
294.9 0.890811
295 0.939909
295.1 0.989696
295.2 1.03968
295.3 1.08938
295.4 1.13831
295.5 1.18598
295.6 1.23193
295.7 1.27572
295.8 1.31692
295.9 1.35512
296 1.38996
296.1 1.4211
296.2 1.44823
296.3 1.47109
296.4 1.48946
296.5 1.50316
296.6 1.51206
296.7 1.51607
296.8 1.51515
296.9 1.50932
297 1.49862
297.1 1.48317
297.2 1.46311
297.3 1.43863
297.4 1.40998
297.5 1.37743
297.6 1.3413
297.7 1.30194
297.8 1.25973
297.9 1.21509
298 1.16844
298.1 1.12025
298.2 1.07098
298.3 1.02112
298.4 0.971147
298.5 0.921559
298.6 0.87284
298.7 0.825468
298.8 0.779907
298.9 0.736607
299 0.695992
299.1 0.658464
299.2 0.624391
299.3 0.594111
299.4 0.567921
299.5 0.546081
299.6 0.528806
299.7 0.516267
299.8 0.508588
299.9 0.505845
300 0.508065
300.1 0.515226
300.2 0.527257
300.3 0.54404
300.4 0.565408
300.5 0.59115
300.6 0.621012
300.7 0.6547
300.8 0.691881
300.9 0.732188
301 0.775225
301.1 0.820568
301.2 0.86777
301.3 0.91637
301.4 0.965889
301.5 1.01584
301.6 1.06574
301.7 1.11509
301.8 1.16342
301.9 1.21025
302 1.25513
302.1 1.29762
302.2 1.3373
302.3 1.37378
302.4 1.40673
302.5 1.4358
302.6 1.46073
302.7 1.48126
302.8 1.49721
302.9 1.50842
303 1.51477
303.1 1.5162
303.2 1.51271
303.3 1.50432
303.4 1.49112
303.5 1.47324
303.6 1.45084
303.7 1.42415
303.8 1.39343
303.9 1.35896
304 1.3211
304.1 1.2802
304.2 1.23666
304.3 1.19092
304.4 1.1434
304.5 1.09459
304.6 1.04495
304.7 0.994968
304.8 0.945137
304.9 0.895943
305 0.84787
305.1 0.801388
305.2 0.756955
305.3 0.715007
305.4 0.675959
305.5 0.640193
305.6 0.608064
305.7 0.579888
305.8 0.555943
305.9 0.536466
306 0.521649
306.1 0.511639
306.2 0.506535
306.3 0.506387
306.4 0.511196
306.5 0.520916
306.6 0.53545
306.7 0.554654
306.8 0.578339
306.9 0.60627
307 0.638172
307.1 0.67373
307.2 0.712593
307.3 0.754379
307.4 0.798676
307.5 0.845048
307.6 0.89304
307.7 0.942181
307.8 0.991988
307.9 1.04197
308 1.09165
308.1 1.14053
308.2 1.18813
308.3 1.23399
308.4 1.27767
308.5 1.31874
308.6 1.3568
308.7 1.39147
308.8 1.42243
308.9 1.44937
309 1.47203
309.1 1.49019
309.2 1.50367
309.3 1.51235
309.4 1.51613
309.5 1.51499
309.6 1.50893
309.7 1.49801
309.8 1.48235
309.9 1.46208
310 1.43741
310.1 1.40857
310.2 1.37585
310.3 1.33956
310.4 1.30007
310.5 1.25774
310.6 1.21299
310.7 1.16626
310.8 1.11801
310.9 1.0687
311 1.01882
311.1 0.968861
311.2 0.919302
311.3 0.870634
311.4 0.823335
311.5 0.777869
311.6 0.734682
311.7 0.694201
311.8 0.656823
311.9 0.622917
312 0.592818
312.1 0.566823
312.2 0.545187
312.3 0.528126
312.4 0.515808
312.5 0.508354
312.6 0.505838
312.7 0.508285
312.8 0.515672
312.9 0.527924
313 0.544921
313.1 0.566494
313.2 0.592431
313.3 0.622476
313.4 0.656332
313.5 0.693664
313.6 0.734105
313.7 0.777257
313.8 0.822695
313.9 0.869972
314 0.918624
314.1 0.968174
314.2 1.01814
314.3 1.06802
314.4 1.11734
314.5 1.16561
314.6 1.21236
314.7 1.25714
314.8 1.2995
314.9 1.33904
315 1.37537
315.1 1.40815
315.2 1.43704
315.3 1.46177
315.4 1.4821
315.5 1.49783
315.6 1.50881
315.7 1.51494
315.8 1.51615
315.9 1.51243
316 1.50382
316.1 1.49041
316.2 1.47231
316.3 1.44971
316.4 1.42283
316.5 1.39193
316.6 1.3573
316.7 1.31929
316.8 1.27826
316.9 1.23461
317 1.18877
317.1 1.14119
317.2 1.09233
317.3 1.04266
317.4 0.992676
317.5 0.942864
317.6 0.893711
317.7 0.8457
317.8 0.799302
317.9 0.754973
318 0.71315
318.1 0.674244
318.2 0.638638
318.3 0.606683
318.4 0.578695
318.5 0.55495
318.6 0.535683
318.7 0.521084
318.8 0.511297
318.9 0.506419
319 0.506499
319.1 0.511535
319.2 0.521478
319.3 0.53623
319.4 0.555644
319.5 0.579529
319.6 0.607648
319.7 0.639725
319.8 0.675443
319.9 0.714449
320 0.756359
320.1 0.800761
320.2 0.847217
320.3 0.895272
320.4 0.944454
320.5 0.99428
320.6 1.04426
320.7 1.09391
320.8 1.14274
320.9 1.19027
321 1.23605
321.1 1.27962
321.2 1.32056
321.3 1.35846
321.4 1.39298
321.5 1.42376
321.6 1.4505
321.7 1.47296
321.8 1.49091
321.9 1.50417
322 1.51263
322.1 1.51619
322.2 1.51482
322.3 1.50854
322.4 1.4974
322.5 1.48152
322.6 1.46104
322.7 1.43617
322.8 1.40715
322.9 1.37426
323 1.33782
323.1 1.29818
323.2 1.25573
323.3 1.21089
323.4 1.16408
323.5 1.11577
323.6 1.06642
323.7 1.01653
323.8 0.966575
323.9 0.917047
324 0.868432
324.1 0.821206
324.2 0.775835
324.3 0.732763
324.4 0.692416
324.5 0.655189
324.6 0.621451
324.7 0.591534
324.8 0.565733
324.9 0.544303
325 0.527456
325.1 0.515359
325.2 0.50813
325.3 0.505842
325.4 0.508516
325.5 0.516128
325.6 0.528601
325.7 0.545811
325.8 0.56759
325.9 0.593722
326 0.623948
326.1 0.65797
326.2 0.695453
326.3 0.736028
326.4 0.779294
326.5 0.824826
326.6 0.872177
326.7 0.920881
326.8 0.97046
326.9 1.02043
327 1.0703
327.1 1.11958
327.2 1.16779
327.3 1.21446
327.4 1.25913
327.5 1.30138
327.6 1.34078
327.7 1.37696
327.8 1.40956
327.9 1.43826
328 1.4628
328.1 1.48292
328.2 1.49844
328.3 1.5092
328.4 1.5151
328.5 1.51609
328.6 1.51214
328.7 1.50331
328.8 1.48968
328.9 1.47137
329 1.44857
329.1 1.4215
329.2 1.39042
329.3 1.35563
329.4 1.31747
329.5 1.27631
329.6 1.23255
329.7 1.18663
329.8 1.13897
329.9 1.09006
330 1.04037
330.1 0.990384
330.2 0.940591
330.3 0.89148
330.4 0.843533
330.5 0.79722
330.6 0.752997
330.7 0.711299
330.8 0.672536
330.9 0.63709
331 0.60531
331.1 0.577511
331.2 0.553967
331.3 0.53491
331.4 0.520529
331.5 0.510966
331.6 0.506314
331.7 0.506622
331.8 0.511885
331.9 0.522051
332 0.537019
332.1 0.556643
332.2 0.580727
332.3 0.609035
332.4 0.641286
332.5 0.677162
332.6 0.71631
332.7 0.758344
332.8 0.80285
332.9 0.84939
333 0.897507
333.1 0.946729
333.2 0.996572
333.3 1.04655
333.4 1.09617
333.5 1.14495
333.6 1.19241
333.7 1.2381
333.8 1.28155
333.9 1.32236
334 1.36012
334.1 1.39447
334.2 1.42507
334.3 1.45163
334.4 1.47388
334.5 1.49162
334.6 1.50467
334.7 1.5129
334.8 1.51623
334.9 1.51464
335 1.50813
335.1 1.49677
335.2 1.48068
335.3 1.46
335.4 1.43493
335.5 1.40573
335.6 1.37267
335.7 1.33607
335.8 1.29629
335.9 1.25373
336 1.20878
336.1 1.16189
336.2 1.11352
336.3 1.06414
336.4 1.01424
336.5 0.964291
336.6 0.914794
336.7 0.866232
336.8 0.819082
336.9 0.773806
337 0.73085
337.1 0.690637
337.2 0.653563
337.3 0.619993
337.4 0.590259
337.5 0.564653
337.6 0.543429
337.7 0.526797
337.8 0.51492
337.9 0.507917
338 0.505856
338.1 0.508758
338.2 0.516594
338.3 0.529287
338.4 0.546712
338.5 0.568695
338.6 0.59502
338.7 0.625427
338.8 0.659616
338.9 0.697249
339 0.737956
339.1 0.781336
339.2 0.826962
339.3 0.874385
339.4 0.923139
339.5 0.972747
339.6 1.02272
339.7 1.07257
339.8 1.12182
339.9 1.16997
340 1.21655
340.1 1.26113
340.2 1.30325
340.3 1.34251
340.4 1.37853
340.5 1.41096
340.6 1.43948
340.7 1.46382
340.8 1.48374
340.9 1.49904
341 1.50958
341.1 1.51526
341.2 1.51601
341.3 1.51185
341.4 1.50279
341.5 1.48894
341.6 1.47042
341.7 1.44742
341.8 1.42016
341.9 1.3889
342 1.35395
342.1 1.31564
342.2 1.27436
342.3 1.23049
342.4 1.18448
342.5 1.13676
342.6 1.0878
342.7 1.03808
342.8 0.988093
342.9 0.93832
343 0.889252
343.1 0.84137
343.2 0.795143
343.3 0.751026
343.4 0.709454
343.5 0.670835
343.6 0.63555
343.7 0.603946
343.8 0.576337
343.9 0.552993
344 0.534147
344.1 0.519984
344.2 0.510644
344.3 0.50622
344.4 0.506755
344.5 0.512244
344.6 0.522633
344.7 0.537819
344.8 0.557652
344.9 0.581935
345 0.61043
345.1 0.642855
345.2 0.678889
345.3 0.718178
345.4 0.760334
345.5 0.804943
345.6 0.851565
345.7 0.899744
345.8 0.949005
345.9 0.998865
346 1.04884
346.1 1.09843
346.2 1.14716
346.3 1.19455
346.4 1.24014
346.5 1.28349
346.6 1.32416
346.7 1.36178
346.8 1.39596
346.9 1.42638
347 1.45275
347.1 1.4748
347.2 1.49232
347.3 1.50515
347.4 1.51316
347.5 1.51627
347.6 1.51445
347.7 1.50772
347.8 1.49614
347.9 1.47983
348 1.45894
348.1 1.43368
348.2 1.40429
348.3 1.37106
348.4 1.33431
348.5 1.2944
348.6 1.25171
348.7 1.20667
348.8 1.1597
348.9 1.11128
349 1.06186
349.1 1.01194
349.2 0.962007
349.3 0.912543
349.4 0.864035
349.5 0.816961
349.6 0.771782
349.7 0.728943
349.8 0.688866
349.9 0.651944
350 0.618543
350.1 0.588992
350.2 0.563582
350.3 0.542564
350.4 0.526147
350.5 0.514491
350.6 0.507714
350.7 0.50588
350.8 0.50901
350.9 0.517071
351 0.529984
351.1 0.547622
351.2 0.569809
351.3 0.596328
351.4 0.626915
351.5 0.661269
351.6 0.699052
351.7 0.739891
351.8 0.783383
351.9 0.829101
352 0.876595
352.1 0.925399
352.2 0.975034
352.3 1.02501
352.4 1.07485
352.5 1.12405
352.6 1.17214
352.7 1.21865
352.8 1.26312
352.9 1.30512
353 1.34424
353.1 1.3801
353.2 1.41236
353.3 1.44069
353.4 1.46483
353.5 1.48454
353.6 1.49963
353.7 1.50995
353.8 1.5154
353.9 1.51593
354 1.51154
354.1 1.50226
354.2 1.48819
354.3 1.46946
354.4 1.44626
354.5 1.41881
354.6 1.38738
354.7 1.35226
354.8 1.31381
354.9 1.2724
355 1.22843
355.1 1.18232
355.2 1.13453
355.3 1.08553
355.4 1.03579
355.5 0.985802
355.6 0.936051
355.7 0.887027
355.8 0.83921
355.9 0.79307
356 0.749061
356.1 0.707615
356.2 0.669141
356.3 0.634017
356.4 0.602591
356.5 0.575171
356.6 0.552029
356.7 0.533394
356.8 0.519449
356.9 0.510333
357 0.506136
357.1 0.506899
357.2 0.512614
357.3 0.523225
357.4 0.538628
357.5 0.558669
357.6 0.583152
357.7 0.611833
357.8 0.644431
357.9 0.680622
358 0.720051
358.1 0.762329
358.2 0.80704
358.3 0.853744
358.4 0.901983
358.5 0.951282
358.6 1.00116
358.7 1.05112
358.8 1.10069
358.9 1.14937
359 1.19669
359.1 1.24218
359.2 1.28541
359.3 1.32596
359.4 1.36342
359.5 1.39744
359.6 1.42768
359.7 1.45385
359.8 1.4757
359.9 1.49302
360 1.50562
360.1 1.51341
360.2 1.51629
360.3 1.51425
360.4 1.50729
360.5 1.49549
360.6 1.47897
360.7 1.45788
360.8 1.43242
360.9 1.40285
361 1.36945
361.1 1.33255
361.2 1.2925
361.3 1.2497
361.4 1.20455
361.5 1.15751
361.6 1.10903
361.7 1.05958
361.8 1.00965
361.9 0.959725
362 0.910293
362.1 0.861841
362.2 0.814844
362.3 0.769763
362.4 0.727042
362.5 0.6871
362.6 0.650333
362.7 0.617102
362.8 0.587734
362.9 0.56252
363 0.541709
363.1 0.525507
363.2 0.514073
363.3 0.507521
363.4 0.505915
363.5 0.509272
363.6 0.517558
363.7 0.530691
363.8 0.548541
363.9 0.570932
364 0.597643
364.1 0.62841
364.2 0.66293
364.3 0.700861
364.4 0.74183
364.5 0.785434
364.6 0.831243
364.7 0.878808
364.8 0.927661
364.9 0.977322
365 1.02731
365.1 1.07712
365.2 1.12628
365.3 1.17431
365.4 1.22073
365.5 1.2651
365.6 1.30698
365.7 1.34596
365.8 1.38166
365.9 1.41375
366 1.44189
366.1 1.46583
366.2 1.48533
366.3 1.5002
366.4 1.5103
366.5 1.51553
366.6 1.51584
366.7 1.51122
366.8 1.50172
366.9 1.48743
367 1.4685
367.1 1.44509
367.2 1.41745
367.3 1.38584
367.4 1.35057
367.5 1.31197
367.6 1.27043
367.7 1.22635
367.8 1.18016
367.9 1.13231
368 1.08326
368.1 1.0335
368.2 0.983511
368.3 0.933783
368.4 0.884804
368.5 0.837054
368.6 0.791002
368.7 0.747101
368.8 0.705783
368.9 0.667454
369 0.632493
369.1 0.601243
369.2 0.574014
369.3 0.551074
369.4 0.532651
369.5 0.518925
369.6 0.510033
369.7 0.506062
369.8 0.507053
369.9 0.512994
370 0.523828
370.1 0.539447
370.2 0.559697
370.3 0.584377
370.4 0.613245
370.5 0.646014
370.6 0.682362
370.7 0.721931
370.8 0.76433
370.9 0.809142
371 0.855927
371.1 0.904224
371.2 0.95356
371.3 1.00345
371.4 1.05341
371.5 1.10294
371.6 1.15157
371.7 1.19882
371.8 1.24422
371.9 1.28734
372 1.32775
372.1 1.36506
372.2 1.39891
372.3 1.42897
372.4 1.45495
372.5 1.4766
372.6 1.4937
372.7 1.50609
372.8 1.51365
372.9 1.51631
373 1.51403
373.1 1.50685
373.2 1.49484
373.3 1.4781
373.4 1.4568
373.5 1.43115
373.6 1.4014
373.7 1.36783
373.8 1.33078
373.9 1.29059
374 1.24767
374.1 1.20243
374.2 1.15532
374.3 1.10678
374.4 1.0573
374.5 1.00736
374.6 0.957443
374.7 0.908046
374.8 0.859651
374.9 0.812731
375 0.767749
375.1 0.725146
375.2 0.685342
375.3 0.648729
375.4 0.615668
375.5 0.586485
375.6 0.561468
375.7 0.540864
375.8 0.524877
375.9 0.513665
376 0.507339
376.1 0.505961
376.2 0.509545
376.3 0.518055
376.4 0.531407
376.5 0.54947
376.6 0.572065
376.7 0.598968
376.8 0.629914
376.9 0.664597
377 0.702676
377.1 0.743775
377.2 0.78749
377.3 0.83339
377.4 0.881024
377.5 0.929924
377.6 0.979611
377.7 1.0296
377.8 1.07939
377.9 1.12852
378 1.17648
378.1 1.22282
378.2 1.26708
378.3 1.30883
378.4 1.34767
378.5 1.38322
378.6 1.41512
378.7 1.44308
378.8 1.46683
378.9 1.48612
379 1.50077
379.1 1.51065
379.2 1.51565
379.3 1.51573
379.4 1.51089
379.5 1.50117
379.6 1.48666
379.7 1.46752
379.8 1.44392
379.9 1.41609
380 1.3843
380.1 1.34887
380.2 1.31013
380.3 1.26847
380.4 1.22428
380.5 1.178
380.6 1.13008
380.7 1.08099
380.8 1.03121
380.9 0.981221
381 0.931517
381.1 0.882584
381.2 0.834901
381.3 0.788938
381.4 0.745147
381.5 0.703957
381.6 0.665774
381.7 0.630976
381.8 0.599904
381.9 0.572866
382 0.550129
382.1 0.531917
382.2 0.51841
382.3 0.509742
382.4 0.505999
382.5 0.507217
382.6 0.513384
382.7 0.52444
382.8 0.540276
382.9 0.560733
383 0.585612
383.1 0.614665
383.2 0.647606
383.3 0.68411
383.4 0.723817
383.5 0.766335
383.6 0.811248
383.7 0.858112
383.8 0.906468
383.9 0.95584
384 1.00574
384.1 1.05569
384.2 1.1052
384.3 1.15377
384.4 1.20094
384.5 1.24625
384.6 1.28925
384.7 1.32953
384.8 1.36669
384.9 1.40038
385 1.43026
385.1 1.45604
385.2 1.47748
385.3 1.49437
385.4 1.50654
385.5 1.51388
385.6 1.51631
385.7 1.51381
385.8 1.50641
385.9 1.49417
386 1.47722
386.1 1.45572
386.2 1.42988
386.3 1.39994
386.4 1.36621
386.5 1.329
386.6 1.28868
386.7 1.24565
386.8 1.20031
386.9 1.15312
387 1.10453
387.1 1.05501
387.2 1.00506
387.3 0.955163
387.4 0.905801
387.5 0.857463
387.6 0.810622
387.7 0.76574
387.8 0.723256
387.9 0.68359
388 0.647132
388.1 0.614242
388.2 0.585244
388.3 0.560425
388.4 0.540029
388.5 0.524258
388.6 0.513268
388.7 0.507167
388.8 0.506017
388.9 0.509827
389 0.518562
389.1 0.532134
389.2 0.550409
389.3 0.573206
389.4 0.600301
389.5 0.631425
389.6 0.666272
389.7 0.704498
389.8 0.745726
389.9 0.78955
390 0.83554
390.1 0.883242
390.2 0.932189
390.3 0.981901
390.4 1.03189
390.5 1.08167
390.6 1.13074
390.7 1.17864
390.8 1.2249
390.9 1.26905
391 1.31068
391.1 1.34937
391.2 1.38476
391.3 1.4165
391.4 1.44427
391.5 1.46781
391.6 1.48689
391.7 1.50133
391.8 1.51099
391.9 1.51576
392 1.51562
392.1 1.51055
392.2 1.50061
392.3 1.48589
392.4 1.46653
392.5 1.44273
392.6 1.41472
392.7 1.38276
392.8 1.34716
392.9 1.30828
393 1.26649
393.1 1.2222
393.2 1.17584
393.3 1.12785
393.4 1.07872
393.5 1.02892
393.6 0.978932
393.7 0.929252
393.8 0.880366
393.9 0.832752
394 0.786879
394.1 0.743197
394.2 0.702137
394.3 0.664102
394.4 0.629467
394.5 0.598574
394.6 0.571728
394.7 0.549193
394.8 0.531194
394.9 0.517906
395 0.509463
395.1 0.505946
395.2 0.507392
395.3 0.513785
395.4 0.525063
395.5 0.541114
395.6 0.561779
395.7 0.586855
395.8 0.616093
395.9 0.649204
396 0.685863
396.1 0.725708
396.2 0.768346
396.3 0.813358
396.4 0.860301
396.5 0.908713
396.6 0.95812
396.7 1.00804
396.8 1.05798
396.9 1.10745
397 1.15597
397.1 1.20306
397.2 1.24827
397.3 1.29116
397.4 1.3313
397.5 1.36831
397.6 1.40183
397.7 1.43153
397.8 1.45712
397.9 1.47836
398 1.49503
398.1 1.50698
398.2 1.5141
398.3 1.5163
398.4 1.51358
398.5 1.50595
398.6 1.4935
398.7 1.47633
398.8 1.45463
398.9 1.42859
399 1.39848
399.1 1.36457
399.2 1.32722
399.3 1.28677
399.4 1.24361
399.5 1.19818
399.6 1.15092
399.7 1.10227
399.8 1.05273
399.9 1.00277
400 0.952884
400.1 0.903559
400.2 0.855279
400.3 0.808518
400.4 0.763736
400.5 0.721372
400.6 0.681845
400.7 0.645543
400.8 0.612825
400.9 0.584013
401 0.559391
401.1 0.539203
401.2 0.523648
401.3 0.51288
401.4 0.507006
401.5 0.506083
401.6 0.510121
401.7 0.519079
401.8 0.53287
401.9 0.551357
402 0.574357
402.1 0.601642
402.2 0.632944
402.3 0.667954
402.4 0.706326
402.5 0.747682
402.6 0.791616
402.7 0.837694
402.8 0.885463
402.9 0.934456
403 0.984191
403.1 1.03418
403.2 1.08394
403.3 1.13297
403.4 1.1808
403.5 1.22697
403.6 1.27102
403.7 1.31252
403.8 1.35107
403.9 1.3863
404 1.41786
404.1 1.44544
404.2 1.46878
404.3 1.48766
404.4 1.50188
404.5 1.51131
404.6 1.51587
404.7 1.51549
404.8 1.5102
404.9 1.50003
405 1.4851
405.1 1.46554
405.2 1.44154
405.3 1.41333
405.4 1.3812
405.5 1.34545
405.6 1.30643
405.7 1.26451
405.8 1.22011
405.9 1.17367
406 1.12562
406.1 1.07645
406.2 1.02663
406.3 0.976643
406.4 0.926989
406.5 0.878151
406.6 0.830607
406.7 0.784825
406.8 0.741254
406.9 0.700323
407 0.662436
407.1 0.627966
407.2 0.597252
407.3 0.570598
407.4 0.548267
407.5 0.53048
407.6 0.517412
407.7 0.509193
407.8 0.505904
407.9 0.507577
408 0.514196
408.1 0.525696
408.2 0.541962
408.3 0.562835
408.4 0.588107
408.5 0.617529
408.6 0.650811
408.7 0.687624
408.8 0.727605
408.9 0.770362
409 0.815472
409.1 0.862492
409.2 0.910961
409.3 0.960402
409.4 1.01033
409.5 1.06026
409.6 1.1097
409.7 1.15816
409.8 1.20518
409.9 1.2503
410 1.29307
410.1 1.33307
410.2 1.36993
410.3 1.40328
410.4 1.4328
410.5 1.45819
410.6 1.47922
410.7 1.49569
410.8 1.50742
410.9 1.51431
411 1.51629
411.1 1.51334
411.2 1.50549
411.3 1.49281
411.4 1.47544
411.5 1.45353
411.6 1.4273
411.7 1.397
411.8 1.36293
411.9 1.32543
412 1.28484
412.1 1.24158
412.2 1.19605
412.3 1.14871
412.4 1.10002
412.5 1.05044
412.6 1.00048
412.7 0.950606
412.8 0.901318
412.9 0.853097
413 0.806417
413.1 0.761737
413.2 0.719495
413.3 0.680107
413.4 0.643962
413.5 0.611416
413.6 0.58279
413.7 0.558366
413.8 0.538387
413.9 0.523048
414 0.512503
414.1 0.506855
414.2 0.50616
414.3 0.510424
414.4 0.519607
414.5 0.533617
414.6 0.552314
414.7 0.575516
414.8 0.602992
414.9 0.634471
415 0.669643
415.1 0.70816
415.2 0.749644
415.3 0.793685
415.4 0.839851
415.5 0.887687
415.6 0.936724
415.7 0.986482
415.8 1.03647
415.9 1.0862
416 1.13519
416.1 1.18296
416.2 1.22904
416.3 1.27298
416.4 1.31436
416.5 1.35276
416.6 1.38783
416.7 1.41921
416.8 1.44661
416.9 1.46975
417 1.48841
417.1 1.50242
417.2 1.51163
417.3 1.51596
417.4 1.51536
417.5 1.50984
417.6 1.49945
417.7 1.4843
417.8 1.46453
417.9 1.44033
418 1.41194
418.1 1.37964
418.2 1.34373
418.3 1.30456
418.4 1.26253
418.5 1.21803
418.6 1.17149
418.7 1.12339
418.8 1.07417
418.9 1.02433
419 0.974355
419.1 0.924728
419.2 0.875938
419.3 0.828465
419.4 0.782775
419.5 0.739316
419.6 0.698516
419.7 0.660778
419.8 0.626473
419.9 0.595939
420 0.569478
420.1 0.547351
420.2 0.529776
420.3 0.516928
420.4 0.508934
420.5 0.505872
420.6 0.507773
420.7 0.514618
420.8 0.526339
420.9 0.54282
421 0.563899
421.1 0.589367
421.2 0.618973
421.3 0.652424
421.4 0.689391
421.5 0.729509
421.6 0.772382
421.7 0.81759
421.8 0.864687
421.9 0.913211
422 0.962685
422.1 1.01262
422.2 1.06254
422.3 1.11195
422.4 1.16035
422.5 1.2073
422.6 1.25231
422.7 1.29496
422.8 1.33484
422.9 1.37154
423 1.40472
423.1 1.43405
423.2 1.45925
423.3 1.48008
423.4 1.49633
423.5 1.50784
423.6 1.5145
423.7 1.51626
423.8 1.51308
423.9 1.50501
424 1.49212
424.1 1.47453
424.2 1.45242
424.3 1.42599
424.4 1.39552
424.5 1.36129
424.6 1.32363
424.7 1.28291
424.8 1.23954
424.9 1.19392
425 1.14651
425.1 1.09776
425.2 1.04816
425.3 0.998184
425.4 0.948329
425.5 0.899079
425.6 0.850919
425.7 0.804321
425.8 0.759743
425.9 0.717623
426 0.678376
426.1 0.642388
426.2 0.610015
426.3 0.581576
426.4 0.557351
426.5 0.53758
426.6 0.522459
426.7 0.512136
426.8 0.506714
426.9 0.506247
427 0.510739
427.1 0.520145
427.2 0.534373
427.3 0.553282
427.4 0.576685
427.5 0.60435
427.6 0.636006
427.7 0.671339
427.8 0.710001
427.9 0.751611
428 0.795759
428.1 0.842012
428.2 0.889913
428.3 0.938994
428.4 0.988773
428.5 1.03876
428.6 1.08847
428.7 1.13741
428.8 1.18511
428.9 1.2311
429 1.27494
429.1 1.31619
429.2 1.35445
429.3 1.38935
429.4 1.42056
429.5 1.44776
429.6 1.4707
429.7 1.48916
429.8 1.50295
429.9 1.51193
430 1.51604
430.1 1.51521
430.2 1.50947
430.3 1.49886
430.4 1.48349
430.5 1.46352
430.6 1.43912
430.7 1.41055
430.8 1.37807
430.9 1.342
431 1.3027
431.1 1.26054
431.2 1.21593
431.3 1.16932
431.4 1.12115
431.5 1.0719
431.6 1.02204
431.7 0.972068
431.8 0.922468
431.9 0.873729
432 0.826327
432.1 0.78073
432.2 0.737383
432.3 0.696716
432.4 0.659127
432.5 0.624987
432.6 0.594634
432.7 0.568366
432.8 0.546443
432.9 0.529082
433 0.516455
433.1 0.508685
433.2 0.50585
433.3 0.507979
433.4 0.515049
433.5 0.526991
433.6 0.543688
433.7 0.564973
433.8 0.590636
433.9 0.620425
434 0.654045
434.1 0.691165
434.2 0.731418
434.3 0.774408
434.4 0.819712
434.5 0.866885
434.6 0.915462
434.7 0.964969
434.8 1.01492
434.9 1.06482
435 1.11419
435.1 1.16254
435.2 1.20941
435.3 1.25432
435.4 1.29686
435.5 1.33659
435.6 1.37314
435.7 1.40615
435.8 1.4353
435.9 1.46031
436 1.48093
436.1 1.49696
436.2 1.50825
436.3 1.51469
436.4 1.51622
436.5 1.51282
436.6 1.50452
436.7 1.49141
436.8 1.47361
436.9 1.4513
437 1.42468
437.1 1.39403
437.2 1.35963
437.3 1.32183
437.4 1.28098
437.5 1.23749
437.6 1.19178
437.7 1.1443
437.8 1.0955
437.9 1.04587
438 0.995892
438.1 0.946053
438.2 0.896843
438.3 0.848745
438.4 0.802229
438.5 0.757754
438.6 0.715757
438.7 0.676651
438.8 0.640822
438.9 0.608622
439 0.580371
439.1 0.556345
439.2 0.536784
439.3 0.52188
439.4 0.51178
439.5 0.506584
439.6 0.506345
439.7 0.511063
439.8 0.520693
439.9 0.535139
440 0.554258
440.1 0.577862
440.2 0.605717
440.3 0.637548
440.4 0.673042
440.5 0.711848
440.6 0.753583
440.7 0.797838
440.8 0.844176
440.9 0.892142
441 0.941266
441.1 0.991065
441.2 1.04105
441.3 1.09074
441.4 1.13963
441.5 1.18726
441.6 1.23317
441.7 1.27689
441.8 1.31801
441.9 1.35612
442 1.39087
442.1 1.42189
442.2 1.44891
442.3 1.47165
442.4 1.48989
442.5 1.50346
442.6 1.51223
442.7 1.51611
442.8 1.51506
442.9 1.50909
443 1.49826
443.1 1.48268
443.2 1.46249
443.3 1.4379
443.4 1.40914
443.5 1.37649
443.6 1.34027
443.7 1.30082
443.8 1.25854
443.9 1.21384
444 1.16714
444.1 1.11891
444.2 1.06962
444.3 1.01975
444.4 0.969781
444.5 0.920211
444.6 0.871522
444.7 0.824193
444.8 0.778689
444.9 0.735457
445 0.694922
445.1 0.657483
445.2 0.62351
445.3 0.593338
445.4 0.567264
445.5 0.545546
445.6 0.528399
445.7 0.515991
445.8 0.508447
445.9 0.505839
446 0.508195
446.1 0.515491
446.2 0.527654
446.3 0.544565
446.4 0.566056
446.5 0.591914
446.6 0.621886
446.7 0.655674
446.8 0.692945
446.9 0.733332
447 0.776438
447.1 0.821838
447.2 0.869085
447.3 0.917716
447.4 0.967254
447.5 1.01721
447.6 1.0671
447.7 1.11643
447.8 1.16473
447.9 1.21151
448 1.25633
448.1 1.29874
448.2 1.33834
448.3 1.37473
448.4 1.40757
448.5 1.43654
448.6 1.46135
448.7 1.48176
448.8 1.49758
448.9 1.50865
449 1.51487
449.1 1.51617
449.2 1.51255
449.3 1.50403
449.4 1.4907
449.5 1.47269
449.6 1.45017
449.7 1.42336
449.8 1.39253
449.9 1.35797
450 1.32002
450.1 1.27904
450.2 1.23544
450.3 1.18964
450.4 1.14208
450.5 1.09324
450.6 1.04358
450.7 0.993599
450.8 0.943779
450.9 0.89461
451 0.846573
451.1 0.800141
451.2 0.755771
451.3 0.713897
451.4 0.674933
451.5 0.639263
451.6 0.607238
451.7 0.579174
451.8 0.555349
451.9 0.535997
452 0.52131
452.1 0.511434
452.2 0.506465
452.3 0.506453
452.4 0.511398
452.5 0.521251
452.6 0.535915
452.7 0.555244
452.8 0.579048
452.9 0.607092
453 0.639099
453.1 0.674752
453.2 0.713701
453.3 0.755561
453.4 0.799921
453.5 0.846343
453.6 0.894373
453.7 0.943538
453.8 0.993357
453.9 1.04334
454 1.093
454.1 1.14185
454.2 1.18941
454.3 1.23522
454.4 1.27883
454.5 1.31983
454.6 1.35779
454.7 1.39237
454.8 1.42322
454.9 1.45005
455 1.47259
455.1 1.49062
455.2 1.50397
455.3 1.51252
455.4 1.51617
455.5 1.51489
455.6 1.5087
455.7 1.49765
455.8 1.48185
455.9 1.46146
456 1.43667
456.1 1.40773
456.2 1.3749
456.3 1.33852
456.4 1.29894
456.5 1.25654
456.6 1.21173
456.7 1.16496
456.8 1.11667
456.9 1.06734
457 1.01745
457.1 0.967495
457.2 0.917955
457.3 0.869318
457.4 0.822063
457.5 0.776653
457.6 0.733536
457.7 0.693134
457.8 0.655846
457.9 0.622041
458 0.59205
458.1 0.566171
458.2 0.544658
458.3 0.527725
458.4 0.515538
458.5 0.508219
458.6 0.505839
458.7 0.508422
458.8 0.515943
458.9 0.528327
459 0.545452
459.1 0.567148
459.2 0.593201
459.3 0.623354
459.4 0.657309
459.5 0.694732
459.6 0.735253
459.7 0.778473
459.8 0.823968
459.9 0.871289
460 0.919972
460.1 0.969539
460.2 1.0195
460.3 1.06938
460.4 1.11868
460.5 1.16691
460.6 1.21361
460.7 1.25833
460.8 1.30062
460.9 1.34008
461 1.37632
461.1 1.40899
461.2 1.43777
461.3 1.46238
461.4 1.48259
461.5 1.4982
461.6 1.50905
461.7 1.51504
461.8 1.51611
461.9 1.51226
462 1.50352
462.1 1.48997
462.2 1.47175
462.3 1.44903
462.4 1.42204
462.5 1.39103
462.6 1.3563
462.7 1.3182
462.8 1.2771
462.9 1.23338
463 1.18749
463.1 1.13987
463.2 1.09098
463.3 1.04129
463.4 0.991307
463.5 0.941506
463.6 0.892378
463.7 0.844405
463.8 0.798058
463.9 0.753792
464 0.712044
464.1 0.673223
464.2 0.637712
464.3 0.605862
464.4 0.577987
464.5 0.554362
464.6 0.53522
464.7 0.520751
464.8 0.511098
464.9 0.506356
465 0.506571
465.1 0.511743
465.2 0.521819
465.3 0.5367
465.4 0.556239
465.5 0.580244
465.6 0.608475
465.7 0.640656
465.8 0.676469
465.9 0.71556
466 0.757544
466.1 0.802008
466.2 0.848514
466.3 0.896607
466.4 0.945812
466.5 0.995649
466.6 1.04563
466.7 1.09526
466.8 1.14406
466.9 1.19155
467 1.23727
467.1 1.28077
467.2 1.32164
467.3 1.35946
467.4 1.39387
467.5 1.42454
467.6 1.45118
467.7 1.47351
467.8 1.49134
467.9 1.50447
468 1.51279
468.1 1.51622
468.2 1.51471
468.3 1.5083
468.4 1.49703
468.5 1.48102
468.6 1.46042
468.7 1.43543
468.8 1.4063
468.9 1.37331
469 1.33678
469.1 1.29706
469.2 1.25454
469.3 1.20963
469.4 1.16277
469.5 1.11443
469.6 1.06506
469.7 1.01516
469.8 0.965211
469.9 0.915701
470 0.867117
470.1 0.819937
470.2 0.774622
470.3 0.73162
470.4 0.691353
470.5 0.654217
470.6 0.62058
470.7 0.590771
470.8 0.565087
470.9 0.54378
471 0.527061
471.1 0.515095
471.2 0.508001
471.3 0.505849
471.4 0.508659
471.5 0.516405
471.6 0.52901
471.7 0.546348
471.8 0.568249
471.9 0.594496
472 0.624831
472.1 0.658952
472.2 0.696525
472.3 0.737179
472.4 0.780513
472.5 0.826101
472.6 0.873495
472.7 0.922229
472.8 0.971826
472.9 1.0218
473 1.07166
473.1 1.12091
473.2 1.16909
473.3 1.21571
473.4 1.26033
473.5 1.3025
473.6 1.34182
473.7 1.3779
473.8 1.4104
473.9 1.43899
474 1.46341
474.1 1.48341
474.2 1.4988
474.3 1.50943
474.4 1.5152
474.5 1.51604
474.6 1.51197
474.7 1.503
474.8 1.48924
474.9 1.47081
475 1.44789
475.1 1.4207
475.2 1.38951
475.3 1.35463
475.4 1.31638
475.5 1.27514
475.6 1.23132
475.7 1.18534
475.8 1.13765
475.9 1.08871
476 1.039
476.1 0.989016
476.2 0.939235
476.3 0.890149
476.4 0.842241
476.5 0.795979
476.6 0.75182
476.7 0.710196
476.8 0.671519
476.9 0.636169
477 0.604495
477.1 0.576809
477.2 0.553384
477.3 0.534453
477.4 0.520202
477.5 0.510772
477.6 0.506257
477.7 0.5067
477.8 0.512098
477.9 0.522397
478 0.537496
478.1 0.557244
478.2 0.581448
478.3 0.609867
478.4 0.642222
478.5 0.678193
478.6 0.717425
478.7 0.759532
478.8 0.804099
478.9 0.850689
479 0.898843
479.1 0.948088
479.2 0.997942
479.3 1.04792
479.4 1.09752
479.5 1.14627
479.6 1.19369
479.7 1.23932
479.8 1.28271
479.9 1.32344
480 1.36111
480.1 1.39536
480.2 1.42586
480.3 1.4523
480.4 1.47443
480.5 1.49204
480.6 1.50496
480.7 1.51305
480.8 1.51625
480.9 1.51453
481 1.50788
481.1 1.4964
481.2 1.48017
481.3 1.45937
481.4 1.43419
481.5 1.40487
481.6 1.37171
481.7 1.33502
481.8 1.29516
481.9 1.25252
482 1.20752
482.1 1.16059
482.2 1.11218
482.3 1.06278
482.4 1.01287
482.5 0.962927
482.6 0.913449
482.7 0.864919
482.8 0.817814
482.9 0.772597
483 0.72971
483.1 0.689578
483.2 0.652595
483.3 0.619126
483.4 0.589501
483.5 0.564012
483.6 0.542911
483.7 0.526407
483.8 0.514663
483.9 0.507794
484 0.505869
484.1 0.508907
484.2 0.516878
484.3 0.529702
484.4 0.547254
484.5 0.569359
484.6 0.5958
484.7 0.626315
484.8 0.660603
484.9 0.698325
485 0.739111
485.1 0.782558
485.2 0.828239
485.3 0.875704
485.4 0.924489
485.5 0.974113
485.6 1.02409
485.7 1.07393
485.8 1.12315
485.9 1.17126
486 1.2178
486.1 1.26232
486.2 1.30437
486.3 1.34354
486.4 1.37947
486.5 1.4118
486.6 1.44021
486.7 1.46442
486.8 1.48422
486.9 1.49939
487 1.5098
487.1 1.51534
487.2 1.51596
487.3 1.51166
487.4 1.50247
487.5 1.48849
487.6 1.46985
487.7 1.44673
487.8 1.41935
487.9 1.38799
488 1.35294
488.1 1.31455
488.2 1.27319
488.3 1.22926
488.4 1.18319
488.5 1.13543
488.6 1.08644
488.7 1.03671
488.8 0.986724
488.9 0.936965
489 0.887923
489.1 0.840079
489.2 0.793905
489.3 0.749852
489.4 0.708355
489.5 0.669822
489.6 0.634633
489.7 0.603136
489.8 0.575639
489.9 0.552416
490 0.533696
490.1 0.519663
490.2 0.510457
490.3 0.506168
490.4 0.506839
490.5 0.512464
490.6 0.522986
490.7 0.538301
490.8 0.558258
490.9 0.582661
491 0.611267
491.1 0.643795
491.2 0.679923
491.3 0.719296
491.4 0.761525
491.5 0.806195
491.6 0.852867
491.7 0.901081
491.8 0.950365
491.9 1.00023
492 1.0502
492.1 1.09978
492.2 1.14848
492.3 1.19583
492.4 1.24136
492.5 1.28464
492.6 1.32524
492.7 1.36276
492.8 1.39685
492.9 1.42716
493 1.45341
493.1 1.47534
493.2 1.49274
493.3 1.50544
493.4 1.51331
493.5 1.51628
493.6 1.51433
493.7 1.50746
493.8 1.49575
493.9 1.47931
494 1.45831
494.1 1.43293
494.2 1.40343
494.3 1.3701
494.4 1.33326
494.5 1.29327
494.6 1.25051
494.7 1.20541
494.8 1.1584
494.9 1.10994
495 1.0605
495.1 1.01057
495.2 0.960644
495.3 0.911199
495.4 0.862724
495.5 0.815696
495.6 0.770575
495.7 0.727807
495.8 0.687811
495.9 0.650981
496 0.617681
496.1 0.58824
496.2 0.562947
496.3 0.542053
496.4 0.525763
496.5 0.51424
496.6 0.507597
496.7 0.5059
496.8 0.509165
496.9 0.51736
497 0.530405
497.1 0.54817
497.2 0.570479
497.3 0.597113
497.4 0.627807
497.5 0.66226
497.6 0.700132
497.7 0.741048
497.8 0.784607
497.9 0.83038
498 0.877916
498.1 0.92675
498.2 0.976401
498.3 1.02638
498.4 1.07621
498.5 1.12538
498.6 1.17344
498.7 1.21989
498.8 1.2643
498.9 1.30623
499 1.34527
499.1 1.38104
499.2 1.41319
499.3 1.44141
499.4 1.46543
499.5 1.48501
499.6 1.49997
499.7 1.51016
499.8 1.51548
499.9 1.51588
