0 1
0.1 0.950083
0.2 0.900665
0.3 0.85224
0.4 0.805291
0.5 0.760287
0.6 0.717679
0.7 0.677891
0.8 0.641322
0.9 0.608337
1 0.579265
1.1 0.554396
1.2 0.53398
1.3 0.518221
1.4 0.507275
1.5 0.501253
1.6 0.500213
1.7 0.504168
1.8 0.513076
1.9 0.52685
2 0.545351
2.1 0.568395
2.2 0.595752
2.3 0.627147
2.4 0.662268
2.5 0.700764
2.6 0.742249
2.7 0.78631
2.8 0.832506
2.9 0.880375
3 0.92944
3.1 0.97921
3.2 1.02919
3.3 1.07887
3.4 1.12777
3.5 1.17539
3.6 1.22126
3.7 1.26492
3.8 1.30593
3.9 1.34388
4 1.3784
4.1 1.40914
4.2 1.43579
4.3 1.45808
4.4 1.4758
4.5 1.48877
4.6 1.49685
4.7 1.49996
4.8 1.49808
4.9 1.49123
5 1.47946
5.1 1.46291
5.2 1.44173
5.3 1.41613
5.4 1.38638
5.5 1.35277
5.6 1.31563
5.7 1.27534
5.8 1.2323
5.9 1.18694
6 1.13971
6.1 1.09108
6.2 1.04154
6.3 0.991593
6.4 0.941725
6.5 0.89244
6.6 0.844229
6.7 0.797575
6.8 0.752943
6.9 0.71078
7 0.671507
7.1 0.635515
7.2 0.603166
7.3 0.574782
7.4 0.550646
7.5 0.531
7.6 0.51604
7.7 0.505916
7.8 0.500728
7.9 0.500529
8 0.505321
8.1 0.515055
8.2 0.529635
8.3 0.548914
8.4 0.572701
8.5 0.600756
8.6 0.632801
8.7 0.668515
8.8 0.707541
8.9 0.74949
9 0.793941
9.1 0.840451
9.2 0.888555
9.3 0.937773
9.4 0.987612
9.5 1.03758
9.6 1.08716
9.7 1.13588
9.8 1.18324
9.9 1.22877
10 1.27201
10.1 1.31254
10.2 1.34994
10.3 1.38384
10.4 1.41391
10.5 1.43985
10.6 1.46139
10.7 1.47832
10.8 1.49047
10.9 1.49772
11 1.5
11.1 1.49728
11.2 1.48959
11.3 1.47701
11.4 1.45966
11.5 1.43773
11.6 1.41141
11.7 1.38099
11.8 1.34676
11.9 1.30907
12 1.26829
12.1 1.22482
12.2 1.17911
12.3 1.13162
12.4 1.0828
12.5 1.03316
12.6 0.983188
12.7 0.933384
12.8 0.884245
12.9 0.836263
13 0.789916
13.1 0.745669
13.2 0.703963
13.3 0.665215
13.4 0.629812
13.5 0.598108
13.6 0.570419
13.7 0.547023
13.8 0.528152
13.9 0.513996
14 0.504696
14.1 0.500345
14.2 0.500987
14.3 0.506614
14.4 0.517171
14.5 0.532552
14.6 0.552604
14.7 0.577127
14.8 0.605874
14.9 0.638559
15 0.674856
15.1 0.714402
15.2 0.756801
15.3 0.80163
15.4 0.848441
15.5 0.896766
15.6 0.946123
15.7 0.996018
15.8 1.04595
15.9 1.09543
16 1.14395
16.1 1.19104
16.2 1.23621
16.3 1.27903
16.4 1.31905
16.5 1.35589
16.6 1.38918
16.7 1.41857
16.8 1.44378
16.9 1.46456
17 1.4807
17.1 1.49203
17.2 1.49845
17.3 1.49989
17.4 1.49633
17.5 1.48781
17.6 1.47442
17.7 1.45629
17.8 1.4336
17.9 1.40658
18 1.37549
18.1 1.34066
18.2 1.30242
18.3 1.26115
18.4 1.21728
18.5 1.17124
18.6 1.12349
18.7 1.0745
18.8 1.02477
18.9 0.974789
19 0.925061
19.1 0.876083
19.2 0.828343
19.3 0.782317
19.4 0.738467
19.5 0.69723
19.6 0.659018
19.7 0.624213
19.8 0.593163
19.9 0.566178
20 0.543527
20.1 0.525438
20.2 0.51209
20.3 0.503617
20.4 0.500104
20.5 0.501585
20.6 0.508047
20.7 0.519424
20.8 0.535602
20.9 0.556421
21 0.581672
21.1 0.611103
21.2 0.644419
21.3 0.681289
21.4 0.721342
21.5 0.76418
21.6 0.809375
21.7 0.856474
21.8 0.905007
21.9 0.954489
22 1.00443
22.1 1.05432
22.2 1.10367
22.3 1.15198
22.4 1.19878
22.5 1.24359
22.6 1.28596
22.7 1.32548
22.8 1.36175
22.9 1.3944
23 1.42311
23.1 1.44759
23.2 1.4676
23.3 1.48294
23.4 1.49346
23.5 1.49904
23.6 1.49964
23.7 1.49524
23.8 1.4859
23.9 1.4717
24 1.45279
24.1 1.42935
24.2 1.40163
24.3 1.36989
24.4 1.33445
24.5 1.29568
24.6 1.25395
24.7 1.20968
24.8 1.16332
24.9 1.11532
25 1.06618
25.1 1.01637
25.2 0.966396
25.3 0.91676
25.4 0.867956
25.5 0.820471
25.6 0.77478
25.7 0.731339
25.8 0.690582
25.9 0.652918
26 0.618721
26.1 0.588333
26.2 0.562059
26.3 0.540161
26.4 0.522857
26.5 0.510321
26.6 0.502678
26.7 0.500003
26.8 0.502324
26.9 0.509618
27 0.521812
27.1 0.538784
27.2 0.560363
27.3 0.586336
27.4 0.616442
27.5 0.65038
27.6 0.687811
27.7 0.728362
27.8 0.771627
27.9 0.817174
28 0.864547
28.1 0.913274
28.2 0.962867
28.3 1.01283
28.4 1.06267
28.5 1.11188
28.6 1.15997
28.7 1.20646
28.8 1.25089
28.9 1.29282
29 1.33182
29.1 1.3675
29.2 1.39951
29.3 1.42753
29.4 1.45128
29.5 1.47052
29.6 1.48505
29.7 1.49474
29.8 1.49949
29.9 1.49925
30 1.49402
30.1 1.48385
30.2 1.46885
30.3 1.44916
30.4 1.42498
30.5 1.39656
30.6 1.36418
30.7 1.32816
30.8 1.28886
30.9 1.24667
31 1.20202
31.1 1.15535
31.2 1.10713
31.3 1.05783
31.4 1.00796
31.5 0.958013
31.6 0.908482
31.7 0.859866
31.8 0.81265
31.9 0.767306
32 0.724287
32.1 0.684022
32.2 0.646915
32.3 0.613336
32.4 0.58362
32.5 0.558065
32.6 0.536925
32.7 0.520412
32.8 0.508691
32.9 0.501879
33 0.500044
33.1 0.503204
33.2 0.511329
33.3 0.524336
33.4 0.542095
33.5 0.56443
33.6 0.591117
33.7 0.621889
33.8 0.656439
33.9 0.694422
34 0.735459
34.1 0.779138
34.2 0.825024
34.3 0.872659
34.4 0.921566
34.5 0.971256
34.6 1.02123
34.7 1.071
34.8 1.12006
34.9 1.16791
35 1.21409
35.1 1.25813
35.2 1.29959
35.3 1.33806
35.4 1.37315
35.5 1.40451
35.6 1.43183
35.7 1.45483
35.8 1.47329
35.9 1.48702
36 1.49589
36.1 1.4998
36.2 1.49872
36.3 1.49265
36.4 1.48166
36.5 1.46586
36.6 1.4454
36.7 1.4205
36.8 1.39139
36.9 1.35837
37 1.32177
37.1 1.28195
37.2 1.23932
37.3 1.1943
37.4 1.14734
37.5 1.0989
37.6 1.04947
37.7 0.999556
37.8 0.949641
37.9 0.90023
38 0.851816
38.1 0.804882
38.2 0.759898
38.3 0.717312
38.4 0.677552
38.5 0.641013
38.6 0.608061
38.7 0.579025
38.8 0.554195
38.9 0.53382
39 0.518102
39.1 0.5072
39.2 0.501221
39.3 0.500226
39.4 0.504225
39.5 0.513177
39.6 0.526994
39.7 0.545536
39.8 0.56862
39.9 0.596013
40 0.627443
40.1 0.662596
40.2 0.70112
40.3 0.74263
40.4 0.786712
40.5 0.832924
40.6 0.880807
40.7 0.92988
40.8 0.979653
40.9 1.02963
41 1.07931
41.1 1.1282
41.2 1.17581
41.3 1.22166
41.4 1.26529
41.5 1.30628
41.6 1.34421
41.7 1.37869
41.8 1.40939
41.9 1.43601
42 1.45826
42.1 1.47594
42.2 1.48886
42.3 1.4969
42.4 1.49997
42.5 1.49804
42.6 1.49114
42.7 1.47934
42.8 1.46274
42.9 1.44152
43 1.41589
43.1 1.3861
43.2 1.35246
43.3 1.31529
43.4 1.27497
43.5 1.23191
43.6 1.18653
43.7 1.13928
43.8 1.09064
43.9 1.0411
44 0.991149
44.1 0.941284
44.2 0.892006
44.3 0.843807
44.4 0.797169
44.5 0.752557
44.6 0.710418
44.7 0.671172
44.8 0.635212
44.9 0.602896
45 0.574548
45.1 0.550451
45.2 0.530846
45.3 0.515929
45.4 0.505848
45.5 0.500705
45.6 0.50055
45.7 0.505386
45.8 0.515163
45.9 0.529786
46 0.549106
46.1 0.572931
46.2 0.601024
46.3 0.633103
46.4 0.668848
46.5 0.707902
46.6 0.749874
46.7 0.794345
46.8 0.840872
46.9 0.888988
47 0.938213
47.1 0.988056
47.2 1.03802
47.3 1.0876
47.4 1.13631
47.5 1.18365
47.6 1.22916
47.7 1.27238
47.8 1.31288
47.9 1.35025
48 1.38413
48.1 1.41416
48.2 1.44006
48.3 1.46156
48.4 1.47845
48.5 1.49055
48.6 1.49776
48.7 1.49999
48.8 1.49723
48.9 1.4895
49 1.47688
49.1 1.45949
49.2 1.43751
49.3 1.41116
49.4 1.3807
49.5 1.34644
49.6 1.30872
49.7 1.26791
49.8 1.22443
49.9 1.1787
50 1.13119
50.1 1.08236
50.2 1.03272
50.3 0.982745
50.4 0.932944
50.5 0.883813
50.6 0.835843
50.7 0.789514
50.8 0.745287
50.9 0.703605
51 0.664885
51.1 0.629514
51.2 0.597844
51.3 0.570192
51.4 0.546835
51.5 0.528005
51.6 0.513892
51.7 0.504636
51.8 0.500329
51.9 0.501015
52 0.506686
52.1 0.517287
52.2 0.53271
52.3 0.552803
52.4 0.577364
52.5 0.606147
52.6 0.638866
52.7 0.675194
52.8 0.714766
52.9 0.757189
53 0.802037
53.1 0.848864
53.2 0.897201
53.3 0.946565
53.4 0.996462
53.5 1.0464
53.6 1.09587
53.7 1.14438
53.8 1.19145
53.9 1.2366
54 1.27939
54.1 1.3194
54.2 1.3562
54.3 1.38945
54.4 1.41881
54.5 1.44399
54.6 1.46473
54.7 1.48082
54.8 1.49211
54.9 1.49848
55 1.49988
55.1 1.49628
55.2 1.48772
55.3 1.47428
55.4 1.45611
55.5 1.43338
55.6 1.40632
55.7 1.3752
55.8 1.34033
55.9 1.30206
56 1.26078
56.1 1.21688
56.2 1.17082
56.3 1.12306
56.4 1.07406
56.5 1.02432
56.6 0.974345
56.7 0.924622
56.8 0.875653
56.9 0.827926
57 0.781918
57.1 0.738089
57.2 0.696877
57.3 0.658694
57.4 0.623921
57.5 0.592905
57.6 0.565957
57.7 0.543346
57.8 0.525298
57.9 0.511993
58 0.503564
58.1 0.500095
58.2 0.501621
58.3 0.508126
58.4 0.519546
58.5 0.535767
58.6 0.556626
58.7 0.581916
58.8 0.611382
58.9 0.644732
59 0.681631
59.1 0.721711
59.2 0.764572
59.3 0.809785
59.4 0.856899
59.5 0.905443
59.6 0.954931
59.7 1.00487
59.8 1.05476
59.9 1.1041
60 1.15241
60.1 1.19919
60.2 1.24397
60.3 1.28633
60.4 1.32582
60.5 1.36205
60.6 1.39467
60.7 1.42335
60.8 1.44779
60.9 1.46776
61 1.48306
61.1 1.49353
61.2 1.49907
61.3 1.49962
61.4 1.49518
61.5 1.48579
61.6 1.47155
61.7 1.4526
61.8 1.42913
61.9 1.40136
62 1.36959
62.1 1.33412
62.2 1.29532
62.3 1.25357
62.4 1.20928
62.5 1.1629
62.6 1.11489
62.7 1.06574
62.8 1.01592
62.9 0.965953
63 0.916322
63.1 0.867527
63.2 0.820056
63.3 0.774383
63.4 0.730964
63.5 0.690234
63.6 0.652598
63.7 0.618434
63.8 0.588082
63.9 0.561845
64 0.539987
64.1 0.522725
64.2 0.510232
64.3 0.502632
64.4 0.500002
64.5 0.502367
64.6 0.509705
64.7 0.521942
64.8 0.538955
64.9 0.560575
65 0.586586
65.1 0.616727
65.2 0.650698
65.3 0.688158
65.4 0.728735
65.5 0.772022
65.6 0.817587
65.7 0.864975
65.8 0.913711
65.9 0.96331
66 1.01328
66.1 1.06311
66.2 1.11231
66.3 1.16039
66.4 1.20687
66.5 1.25128
66.6 1.29318
66.7 1.33215
66.8 1.3678
66.9 1.39978
67 1.42776
67.1 1.45147
67.2 1.47067
67.3 1.48516
67.4 1.49481
67.5 1.49951
67.6 1.49922
67.7 1.49395
67.8 1.48374
67.9 1.46869
68 1.44896
68.1 1.42475
68.2 1.39629
68.3 1.36388
68.4 1.32782
68.5 1.28849
68.6 1.24628
68.7 1.20161
68.8 1.15493
68.9 1.10669
69 1.05739
69.1 1.00752
69.2 0.95757
69.3 0.908046
69.4 0.85944
69.5 0.812238
69.6 0.766913
69.7 0.723916
69.8 0.683678
69.9 0.646601
70 0.613055
70.1 0.583375
70.2 0.557857
70.3 0.536758
70.4 0.520287
70.5 0.508609
70.6 0.501841
70.7 0.50005
70.8 0.503255
70.9 0.511423
71 0.524473
71.1 0.542274
71.2 0.564648
71.3 0.591373
71.4 0.62218
71.5 0.656762
71.6 0.694774
71.7 0.735836
71.8 0.779537
71.9 0.82544
72 0.873088
72.1 0.922004
72.2 0.9717
72.3 1.02168
72.4 1.07144
72.5 1.12049
72.6 1.16833
72.7 1.21449
72.8 1.25851
72.9 1.29995
73 1.33839
73.1 1.37344
73.2 1.40477
73.3 1.43205
73.4 1.45502
73.5 1.47344
73.6 1.48712
73.7 1.49595
73.8 1.49981
73.9 1.49868
74 1.49257
74.1 1.48154
74.2 1.4657
74.3 1.4452
74.4 1.42025
74.5 1.39111
74.6 1.35806
74.7 1.32143
74.8 1.28159
74.9 1.23893
75 1.19389
75.1 1.14691
75.2 1.09846
75.3 1.04903
75.4 0.999112
75.5 0.9492
75.6 0.899795
75.7 0.851392
75.8 0.804473
75.9 0.759508
76 0.716946
76.1 0.677212
76.2 0.640704
76.3 0.607785
76.4 0.578785
76.5 0.553994
76.6 0.533659
76.7 0.517984
76.8 0.507125
76.9 0.50119
77 0.50024
77.1 0.504283
77.2 0.513279
77.3 0.527138
77.4 0.545722
77.5 0.568844
77.6 0.596275
77.7 0.62774
77.8 0.662924
77.9 0.701476
78 0.743011
78.1 0.787113
78.2 0.833343
78.3 0.881238
78.4 0.930319
78.5 0.980097
78.6 1.03007
78.7 1.07975
78.8 1.12863
78.9 1.17622
79 1.22206
79.1 1.26567
79.2 1.30663
79.3 1.34453
79.4 1.37898
79.5 1.40965
79.6 1.43622
79.7 1.45844
79.8 1.47607
79.9 1.48895
80 1.49694
80.1 1.49997
80.2 1.498
80.3 1.49106
80.4 1.47921
80.5 1.46257
80.6 1.44131
80.7 1.41564
80.8 1.38582
80.9 1.35214
81 1.31494
81.1 1.2746
81.2 1.23151
81.3 1.18611
81.4 1.13885
81.5 1.09021
81.6 1.04066
81.7 0.990705
81.8 0.940843
81.9 0.891573
82 0.843386
82.1 0.796763
82.2 0.752172
82.3 0.710056
82.4 0.670838
82.5 0.634908
82.6 0.602626
82.7 0.574315
82.8 0.550257
82.9 0.530693
83 0.515818
83.1 0.50578
83.2 0.500681
83.3 0.500571
83.4 0.505451
83.5 0.515272
83.6 0.529937
83.7 0.549298
83.8 0.573162
83.9 0.601292
84 0.633405
84.1 0.669181
84.2 0.708262
84.3 0.750259
84.4 0.79475
84.5 0.841293
84.6 0.889421
84.7 0.938654
84.8 0.9885
84.9 1.03846
85 1.08804
85.1 1.13673
85.2 1.18407
85.3 1.22956
85.4 1.27276
85.5 1.31323
85.6 1.35057
85.7 1.38441
85.8 1.41441
85.9 1.44027
86 1.46173
86.1 1.47858
86.2 1.49064
86.3 1.4978
86.4 1.49999
86.5 1.49718
86.6 1.48941
86.7 1.47674
86.8 1.45931
86.9 1.4373
87 1.41091
87.1 1.38042
87.2 1.34612
87.3 1.30837
87.4 1.26754
87.5 1.22403
87.6 1.17829
87.7 1.13076
87.8 1.08193
87.9 1.03227
88 0.982301
88.1 0.932504
88.2 0.883381
88.3 0.835424
88.4 0.789111
88.5 0.744905
88.6 0.703248
88.7 0.664556
88.8 0.629216
88.9 0.59758
89 0.569965
89.1 0.546647
89.2 0.527859
89.3 0.513788
89.4 0.504576
89.5 0.500313
89.6 0.501043
89.7 0.506759
89.8 0.517403
89.9 0.532868
90 0.553002
90.1 0.577601
90.2 0.606421
90.3 0.639174
90.4 0.675531
90.5 0.715131
90.6 0.757577
90.7 0.802445
90.8 0.849287
90.9 0.897635
91 0.947006
91.1 0.996907
91.2 1.04684
91.3 1.0963
91.4 1.1448
91.5 1.19186
91.6 1.23699
91.7 1.27976
91.8 1.31974
91.9 1.35652
92 1.38973
92.1 1.41906
92.2 1.44419
92.3 1.46489
92.4 1.48094
92.5 1.49219
92.6 1.49852
92.7 1.49987
92.8 1.49622
92.9 1.48762
93 1.47414
93.1 1.45593
93.2 1.43316
93.3 1.40606
93.4 1.37491
93.5 1.34001
93.6 1.30171
93.7 1.2604
93.8 1.21648
93.9 1.17041
94 1.12263
94.1 1.07362
94.2 1.02388
94.3 0.973902
94.4 0.924183
94.5 0.875223
94.6 0.827509
94.7 0.781518
94.8 0.737711
94.9 0.696524
95 0.658369
95.1 0.623628
95.2 0.592647
95.3 0.565737
95.4 0.543166
95.5 0.525159
95.6 0.511896
95.7 0.503511
95.8 0.500086
95.9 0.501657
96 0.508206
96.1 0.51967
96.2 0.535932
96.3 0.556832
96.4 0.582159
96.5 0.611662
96.6 0.645044
96.7 0.681974
96.8 0.72208
96.9 0.764964
97 0.810196
97.1 0.857325
97.2 0.905879
97.3 0.955373
97.4 1.00531
97.5 1.0552
97.6 1.10454
97.7 1.15283
97.8 1.19959
97.9 1.24436
98 1.28669
98.1 1.32615
98.2 1.36236
98.3 1.39494
98.4 1.42358
98.5 1.44799
98.6 1.46792
98.7 1.48317
98.8 1.4936
98.9 1.4991
99 1.4996
99.1 1.49512
99.2 1.48569
99.3 1.47141
99.4 1.45241
99.5 1.4289
99.6 1.4011
99.7 1.36929
99.8 1.33379
99.9 1.29496
100 1.25318
100.1 1.20887
100.2 1.16248
100.3 1.11446
100.4 1.0653
100.5 1.01548
100.6 0.96551
100.7 0.915884
100.8 0.867099
100.9 0.819642
101 0.773987
101.1 0.73059
101.2 0.689885
101.3 0.652279
101.4 0.618147
101.5 0.58783
101.6 0.561632
101.7 0.539813
101.8 0.522593
101.9 0.510142
102 0.502587
102.1 0.500001
102.2 0.502411
102.3 0.509793
102.4 0.522072
102.5 0.539127
102.6 0.560787
102.7 0.586836
102.8 0.617012
102.9 0.651015
103 0.688506
103.1 0.729108
103.2 0.772417
103.3 0.818001
103.4 0.865402
103.5 0.914149
103.6 0.963753
103.7 1.01372
103.8 1.06355
103.9 1.11274
104 1.16081
104.1 1.20727
104.2 1.25166
104.3 1.29354
104.4 1.33248
104.5 1.3681
104.6 1.40004
104.7 1.42799
104.8 1.45166
104.9 1.47082
105 1.48527
105.1 1.49487
105.2 1.49953
105.3 1.4992
105.4 1.49388
105.5 1.48362
105.6 1.46854
105.7 1.44877
105.8 1.42452
105.9 1.39602
106 1.36357
106.1 1.32749
106.2 1.28813
106.3 1.2459
106.4 1.20121
106.5 1.1545
106.6 1.10626
106.7 1.05695
106.8 1.00707
106.9 0.957128
107 0.907609
107.1 0.859014
107.2 0.811827
107.3 0.76652
107.4 0.723546
107.5 0.683335
107.6 0.646287
107.7 0.612774
107.8 0.583129
107.9 0.55765
108 0.536591
108.1 0.520162
108.2 0.508527
108.3 0.501803
108.4 0.500057
108.5 0.503306
108.6 0.511518
108.7 0.52461
108.8 0.542453
108.9 0.564867
109 0.591629
109.1 0.622471
109.2 0.657085
109.3 0.695126
109.4 0.736213
109.5 0.779935
109.6 0.825857
109.7 0.873518
109.8 0.922443
109.9 0.972143
110 1.02212
110.1 1.07188
110.2 1.12092
110.3 1.16875
110.4 1.21489
110.5 1.25889
110.6 1.3003
110.7 1.33871
110.8 1.37374
110.9 1.40503
111 1.43228
111.1 1.4552
111.2 1.47358
111.3 1.48722
111.4 1.496
111.5 1.49982
111.6 1.49865
111.7 1.4925
111.8 1.48142
111.9 1.46554
112 1.445
112.1 1.42001
112.2 1.39083
112.3 1.35775
112.4 1.32109
112.5 1.28122
112.6 1.23854
112.7 1.19348
112.8 1.14649
112.9 1.09803
113 1.04859
113.1 0.998668
113.2 0.948758
113.3 0.89936
113.4 0.850968
113.5 0.804064
113.6 0.759119
113.7 0.71658
113.8 0.676873
113.9 0.640395
114 0.60751
114.1 0.578546
114.2 0.553794
114.3 0.533499
114.4 0.517866
114.5 0.50705
114.6 0.50116
114.7 0.500254
114.8 0.504341
114.9 0.513381
115 0.527282
115.1 0.545907
115.2 0.569069
115.3 0.596537
115.4 0.628036
115.5 0.663252
115.6 0.701832
115.7 0.743392
115.8 0.787515
115.9 0.833762
116 0.881669
116.1 0.930759
116.2 0.980541
116.3 1.03052
116.4 1.08019
116.5 1.12906
116.6 1.17664
116.7 1.22245
116.8 1.26605
116.9 1.30698
117 1.34485
117.1 1.37927
117.2 1.4099
117.3 1.43644
117.4 1.45862
117.5 1.47621
117.6 1.48904
117.7 1.49699
117.8 1.49998
117.9 1.49796
118 1.49098
118.1 1.47908
118.2 1.4624
118.3 1.4411
118.4 1.41539
118.5 1.38554
118.6 1.35182
118.7 1.3146
118.8 1.27423
118.9 1.23112
119 1.1857
119.1 1.13843
119.2 1.08977
119.3 1.04022
119.4 0.990261
119.5 0.940402
119.6 0.891139
119.7 0.842964
119.8 0.796358
119.9 0.751786
120 0.709694
120.1 0.670503
120.2 0.634605
120.3 0.602357
120.4 0.574082
120.5 0.550063
120.6 0.53054
120.7 0.515707
120.8 0.505713
120.9 0.500658
121 0.500592
121.1 0.505516
121.2 0.515381
121.3 0.530088
121.4 0.54949
121.5 0.573394
121.6 0.60156
121.7 0.633707
121.8 0.669514
121.9 0.708623
122 0.750643
122.1 0.795155
122.2 0.841714
122.3 0.889854
122.4 0.939095
122.5 0.988944
122.6 1.0389
122.7 1.08847
122.8 1.13716
122.9 1.18448
123 1.22995
123.1 1.27313
123.2 1.31357
123.3 1.35089
123.4 1.3847
123.5 1.41466
123.6 1.44048
123.7 1.4619
123.8 1.4787
123.9 1.49073
124 1.49784
124.1 1.49999
124.2 1.49714
124.3 1.48932
124.4 1.47661
124.5 1.45914
124.6 1.43708
124.7 1.41066
124.8 1.38013
124.9 1.3458
125 1.30802
125.1 1.26716
125.2 1.22363
125.3 1.17787
125.4 1.13033
125.5 1.08149
125.6 1.03183
125.7 0.981857
125.8 0.932064
125.9 0.882949
126 0.835005
126.1 0.788708
126.2 0.744523
126.3 0.702891
126.4 0.664227
126.5 0.628918
126.6 0.597317
126.7 0.569739
126.8 0.54646
126.9 0.527713
127 0.513685
127.1 0.504516
127.2 0.500298
127.3 0.501072
127.4 0.506832
127.5 0.517519
127.6 0.533027
127.7 0.553201
127.8 0.577839
127.9 0.606695
128 0.639481
128.1 0.675869
128.2 0.715496
128.3 0.757966
128.4 0.802853
128.5 0.849711
128.6 0.89807
128.7 0.947448
128.8 0.997351
128.9 1.04728
129 1.09674
129.1 1.14523
129.2 1.19227
129.3 1.23738
129.4 1.28013
129.5 1.32008
129.6 1.35683
129.7 1.39001
129.8 1.4193
129.9 1.4444
130 1.46505
130.1 1.48106
130.2 1.49227
130.3 1.49855
130.4 1.49986
130.5 1.49617
130.6 1.48752
130.7 1.474
130.8 1.45574
130.9 1.43294
131 1.4058
131.1 1.37461
131.2 1.33968
131.3 1.30135
131.4 1.26002
131.5 1.21608
131.6 1.16999
131.7 1.1222
131.8 1.07318
131.9 1.02344
132 0.973458
132.1 0.923744
132.2 0.874793
132.3 0.827092
132.4 0.781119
132.5 0.737333
132.6 0.696171
132.7 0.658045
132.8 0.623336
132.9 0.59239
133 0.565517
133.1 0.542985
133.2 0.52502
133.3 0.5118
133.4 0.503459
133.5 0.500078
133.6 0.501693
133.7 0.508286
133.8 0.519793
133.9 0.536098
134 0.557038
134.1 0.582403
134.2 0.611942
134.3 0.645357
134.4 0.682316
134.5 0.72245
134.6 0.765356
134.7 0.810607
134.8 0.85775
134.9 0.906315
135 0.955816
135.1 1.00576
135.2 1.05564
135.3 1.10497
135.4 1.15325
135.5 1.2
135.6 1.24475
135.7 1.28705
135.8 1.32649
135.9 1.36267
136 1.39522
136.1 1.42382
136.2 1.44819
136.3 1.46808
136.4 1.48329
136.5 1.49367
136.6 1.49912
136.7 1.49959
136.8 1.49506
136.9 1.48558
137 1.47126
137.1 1.45222
137.2 1.42867
137.3 1.40083
137.4 1.36899
137.5 1.33346
137.6 1.2946
137.7 1.2528
137.8 1.20847
137.9 1.16206
138 1.11403
138.1 1.06486
138.2 1.01504
138.3 0.965067
138.4 0.915447
138.5 0.866671
138.6 0.819228
138.7 0.773591
138.8 0.730216
138.9 0.689537
139 0.65196
139.1 0.61786
139.2 0.587579
139.3 0.561418
139.4 0.53964
139.5 0.522461
139.6 0.510054
139.7 0.502542
139.8 0.5
139.9 0.502455
140 0.50988
140.1 0.522203
140.2 0.5393
140.3 0.561
140.4 0.587086
140.5 0.617298
140.6 0.651334
140.7 0.688853
140.8 0.729482
140.9 0.772813
141 0.818414
141.1 0.86583
141.2 0.914586
141.3 0.964196
141.4 1.01416
141.5 1.06399
141.6 1.11318
141.7 1.16123
141.8 1.20768
141.9 1.25205
142 1.2939
142.1 1.33281
142.2 1.3684
142.3 1.40031
142.4 1.42822
142.5 1.45185
142.6 1.47096
142.7 1.48537
142.8 1.49493
142.9 1.49955
143 1.49917
143.1 1.49381
143.2 1.48351
143.3 1.46838
143.4 1.44857
143.5 1.42428
143.6 1.39575
143.7 1.36327
143.8 1.32715
143.9 1.28777
144 1.24551
144.1 1.2008
144.2 1.15408
144.3 1.10582
144.4 1.05651
144.5 1.00663
144.6 0.956685
144.7 0.907173
144.8 0.858588
144.9 0.811415
145 0.766127
145.1 0.723176
145.2 0.682991
145.3 0.645973
145.4 0.612493
145.5 0.582884
145.6 0.557443
145.7 0.536424
145.8 0.520037
145.9 0.508445
146 0.501765
146.1 0.500064
146.2 0.503357
146.3 0.511612
146.4 0.524748
146.5 0.542632
146.6 0.565086
146.7 0.591885
146.8 0.622762
146.9 0.657409
147 0.695478
147.1 0.73659
147.2 0.780334
147.3 0.826273
147.4 0.873948
147.5 0.922882
147.6 0.972586
147.7 1.02256
147.8 1.07232
147.9 1.12135
148 1.16917
148.1 1.21529
148.2 1.25927
148.3 1.30066
148.4 1.33904
148.5 1.37403
148.6 1.40529
148.7 1.4325
148.8 1.45539
148.9 1.47372
149 1.48732
149.1 1.49606
149.2 1.49984
149.3 1.49862
149.4 1.49242
149.5 1.4813
149.6 1.46537
149.7 1.4448
149.8 1.41977
149.9 1.39056
150 1.35744
150.1 1.32075
150.2 1.28085
150.3 1.23815
150.4 1.19307
150.5 1.14606
150.6 1.09759
150.7 1.04815
150.8 0.998224
150.9 0.948316
151 0.898925
151.1 0.850544
151.2 0.803656
151.3 0.75873
151.4 0.716214
151.5 0.676535
151.6 0.640087
151.7 0.607235
151.8 0.578307
151.9 0.553593
152 0.53334
152.1 0.517749
152.2 0.506976
152.3 0.50113
152.4 0.500268
152.5 0.5044
152.6 0.513483
152.7 0.527427
152.8 0.546093
152.9 0.569295
153 0.5968
153.1 0.628333
153.2 0.66358
153.3 0.702189
153.4 0.743773
153.5 0.787917
153.6 0.834181
153.7 0.882101
153.8 0.931199
153.9 0.980985
154 1.03096
154.1 1.08063
154.2 1.12949
154.3 1.17705
154.4 1.22285
154.5 1.26642
154.6 1.30733
154.7 1.34517
154.8 1.37956
154.9 1.41016
155 1.43666
155.1 1.45879
155.2 1.47634
155.3 1.48914
155.4 1.49704
155.5 1.49998
155.6 1.49792
155.7 1.49089
155.8 1.47896
155.9 1.46223
156 1.44089
156.1 1.41515
156.2 1.38525
156.3 1.35151
156.4 1.31425
156.5 1.27386
156.6 1.23073
156.7 1.18529
156.8 1.138
156.9 1.08933
157 1.03977
157.1 0.989817
157.2 0.939962
157.3 0.890706
157.4 0.842542
157.5 0.795952
157.6 0.751401
157.7 0.709333
157.8 0.67017
157.9 0.634302
158 0.602088
158.1 0.57385
158.2 0.54987
158.3 0.530387
158.4 0.515597
158.5 0.505647
158.6 0.500636
158.7 0.500614
158.8 0.505582
158.9 0.515491
159 0.53024
159.1 0.549683
159.2 0.573626
159.3 0.601828
159.4 0.634009
159.5 0.669847
159.6 0.708984
159.7 0.751028
159.8 0.795561
159.9 0.842135
160 0.890287
160.1 0.939536
160.2 0.989388
160.3 1.03935
160.4 1.08891
160.5 1.13759
160.6 1.18489
160.7 1.23035
160.8 1.2735
160.9 1.31392
161 1.3512
161.1 1.38498
161.2 1.41491
161.3 1.44069
161.4 1.46207
161.5 1.47883
161.6 1.49081
161.7 1.49788
161.8 1.49998
161.9 1.49709
162 1.48923
162.1 1.47647
162.2 1.45896
162.3 1.43686
162.4 1.4104
162.5 1.37984
162.6 1.34548
162.7 1.30767
162.8 1.26679
162.9 1.22324
163 1.17746
163.1 1.1299
163.2 1.08105
163.3 1.03139
163.4 0.981413
163.5 0.931624
163.6 0.882518
163.7 0.834585
163.8 0.788306
163.9 0.744142
164 0.702534
164.1 0.663898
164.2 0.62862
164.3 0.597054
164.4 0.569513
164.5 0.546273
164.6 0.527568
164.7 0.513582
164.8 0.504457
164.9 0.500282
165 0.501101
165.1 0.506905
165.2 0.517636
165.3 0.533186
165.4 0.5534
165.5 0.578077
165.6 0.60697
165.7 0.639789
165.8 0.676208
165.9 0.715861
166 0.758354
166.1 0.803261
166.2 0.850135
166.3 0.898505
166.4 0.947889
166.5 0.997795
166.6 1.04772
166.7 1.09717
166.8 1.14565
166.9 1.19268
167 1.23778
167.1 1.2805
167.2 1.32042
167.3 1.35714
167.4 1.39029
167.5 1.41954
167.6 1.4446
167.7 1.46522
167.8 1.48118
167.9 1.49235
168 1.49859
168.1 1.49985
168.2 1.49611
168.3 1.48742
168.4 1.47386
168.5 1.45556
168.6 1.43271
168.7 1.40554
168.8 1.37432
168.9 1.33935
169 1.301
169.1 1.25964
169.2 1.21568
169.3 1.16957
169.4 1.12176
169.5 1.07274
169.6 1.02299
169.7 0.973015
169.8 0.923306
169.9 0.874363
170 0.826675
170.1 0.78072
170.2 0.736955
170.3 0.695818
170.4 0.657721
170.5 0.623044
170.6 0.592133
170.7 0.565298
170.8 0.542805
170.9 0.524881
171 0.511705
171.1 0.503407
171.2 0.500071
171.3 0.50173
171.4 0.508367
171.5 0.519917
171.6 0.536264
171.7 0.557244
171.8 0.582648
171.9 0.612222
172 0.64567
172.1 0.682659
172.2 0.722819
172.3 0.765748
172.4 0.811018
172.5 0.858176
172.6 0.906751
172.7 0.956258
172.8 1.0062
172.9 1.05608
173 1.10541
173.1 1.15367
173.2 1.20041
173.3 1.24514
173.4 1.28742
173.5 1.32683
173.6 1.36297
173.7 1.39549
173.8 1.42405
173.9 1.44838
174 1.46823
174.1 1.4834
174.2 1.49374
174.3 1.49915
174.4 1.49957
174.5 1.495
174.6 1.48548
174.7 1.47111
174.8 1.45203
174.9 1.42844
175 1.40057
175.1 1.36869
175.2 1.33313
175.3 1.29424
175.4 1.25242
175.5 1.20807
175.6 1.16164
175.7 1.11359
175.8 1.06441
175.9 1.01459
176 0.964624
176.1 0.915009
176.2 0.866243
176.3 0.818814
176.4 0.773195
176.5 0.729843
176.6 0.689189
176.7 0.651641
176.8 0.617574
176.9 0.587328
177 0.561205
177.1 0.539467
177.2 0.52233
177.3 0.509965
177.4 0.502497
177.5 0.5
177.6 0.502499
177.7 0.509968
177.8 0.522334
177.9 0.539472
178 0.561212
178.1 0.587336
178.2 0.617584
178.3 0.651652
178.4 0.689201
178.5 0.729855
178.6 0.773209
178.7 0.818828
178.8 0.866258
178.9 0.915024
179 0.964639
179.1 1.01461
179.2 1.06443
179.3 1.11361
179.4 1.16165
179.5 1.20808
179.6 1.25243
179.7 1.29426
179.8 1.33314
179.9 1.3687
180 1.40058
180.1 1.42845
180.2 1.45204
180.3 1.47111
180.4 1.48548
180.5 1.495
180.6 1.49957
180.7 1.49915
180.8 1.49374
180.9 1.4834
181 1.46823
181.1 1.44838
181.2 1.42405
181.3 1.39548
181.4 1.36296
181.5 1.32682
181.6 1.28741
181.7 1.24512
181.8 1.20039
181.9 1.15366
182 1.10539
182.1 1.05607
182.2 1.00619
182.3 0.956243
182.4 0.906736
182.5 0.858162
182.6 0.811004
182.7 0.765735
182.8 0.722807
182.9 0.682648
183 0.64566
183.1 0.612212
183.2 0.582639
183.3 0.557237
183.4 0.536258
183.5 0.519913
183.6 0.508364
183.7 0.501728
183.8 0.500071
183.9 0.503408
184 0.511708
184.1 0.524886
184.2 0.542811
184.3 0.565305
184.4 0.592142
184.5 0.623054
184.6 0.657732
184.7 0.69583
184.8 0.736968
184.9 0.780733
185 0.826689
185.1 0.874377
185.2 0.923321
185.3 0.97303
185.4 1.02301
185.5 1.07276
185.6 1.12178
185.7 1.16958
185.8 1.2157
185.9 1.25965
186 1.30101
186.1 1.33937
186.2 1.37433
186.3 1.40555
186.4 1.43272
186.5 1.45557
186.6 1.47386
186.7 1.48742
186.8 1.49611
186.9 1.49985
187 1.49859
187.1 1.49234
187.2 1.48118
187.3 1.46521
187.4 1.44459
187.5 1.41953
187.6 1.39028
187.7 1.35713
187.8 1.32041
187.9 1.28049
188 1.23776
188.1 1.19266
188.2 1.14564
188.3 1.09716
188.4 1.04771
188.5 0.99778
188.6 0.947874
188.7 0.89849
188.8 0.85012
188.9 0.803248
189 0.758341
189.1 0.715849
189.2 0.676196
189.3 0.639779
189.4 0.60696
189.5 0.578069
189.6 0.553394
189.7 0.53318
189.8 0.517632
189.9 0.506903
190 0.5011
190.1 0.500283
190.2 0.504459
190.3 0.513585
190.4 0.527572
190.5 0.54628
190.6 0.569521
190.7 0.597062
190.8 0.62863
190.9 0.663909
191 0.702546
191.1 0.744154
191.2 0.78832
191.3 0.8346
191.4 0.882532
191.5 0.931639
191.6 0.981428
191.7 1.0314
191.8 1.08106
191.9 1.12992
192 1.17747
192.1 1.22325
192.2 1.2668
192.3 1.30768
192.4 1.34549
192.5 1.37985
192.6 1.41041
192.7 1.43687
192.8 1.45897
192.9 1.47648
193 1.48923
193.1 1.49709
193.2 1.49998
193.3 1.49788
193.4 1.49081
193.5 1.47883
193.6 1.46206
193.7 1.44068
193.8 1.4149
193.9 1.38497
194 1.35119
194.1 1.31391
194.2 1.27349
194.3 1.23033
194.4 1.18488
194.5 1.13757
194.6 1.0889
194.7 1.03933
194.8 0.989373
194.9 0.939521
195 0.890273
195.1 0.842121
195.2 0.795547
195.3 0.751015
195.4 0.708972
195.5 0.669836
195.6 0.633999
195.7 0.601819
195.8 0.573618
195.9 0.549677
196 0.530235
196.1 0.515487
196.2 0.50558
196.3 0.500613
196.4 0.500636
196.5 0.505649
196.6 0.515601
196.7 0.530392
196.8 0.549876
196.9 0.573858
197 0.602097
197.1 0.634312
197.2 0.670181
197.3 0.709345
197.4 0.751414
197.5 0.795966
197.6 0.842557
197.7 0.890721
197.8 0.939977
197.9 0.989832
198 1.03979
198.1 1.08935
198.2 1.13802
198.3 1.1853
198.4 1.23074
198.5 1.27387
198.6 1.31427
198.7 1.35152
198.8 1.38526
198.9 1.41515
199 1.4409
199.1 1.46224
199.2 1.47896
199.3 1.49089
199.4 1.49793
199.5 1.49998
199.6 1.49704
199.7 1.48913
199.8 1.47634
199.9 1.45879
200 1.43665
200.1 1.41015
200.2 1.37955
200.3 1.34516
200.4 1.30732
200.5 1.26641
200.6 1.22284
200.7 1.17704
200.8 1.12947
200.9 1.08061
201 1.03095
201.1 0.98097
201.2 0.931184
201.3 0.882086
201.4 0.834166
201.5 0.787904
201.6 0.74376
201.7 0.702177
201.8 0.663569
201.9 0.628323
202 0.596791
202.1 0.569287
202.2 0.546087
202.3 0.527422
202.4 0.513479
202.5 0.504398
202.6 0.500268
202.7 0.501131
202.8 0.506979
202.9 0.517753
203 0.533345
203.1 0.5536
203.2 0.578316
203.3 0.607244
203.4 0.640097
203.5 0.676546
203.6 0.716227
203.7 0.758743
203.8 0.80367
203.9 0.850558
204 0.89894
204.1 0.948331
204.2 0.998239
204.3 1.04816
204.4 1.09761
204.5 1.14608
204.6 1.19309
204.7 1.23817
204.8 1.28087
204.9 1.32076
205 1.35745
205.1 1.39057
205.2 1.41978
205.3 1.4448
205.4 1.46538
205.5 1.4813
205.6 1.49242
205.7 1.49862
205.8 1.49984
205.9 1.49606
206 1.48732
206.1 1.47372
206.2 1.45538
206.3 1.43249
206.4 1.40528
206.5 1.37402
206.6 1.33903
206.7 1.30065
206.8 1.25926
206.9 1.21528
207 1.16915
207.1 1.12133
207.2 1.0723
207.3 1.02255
207.4 0.972571
207.5 0.922867
207.6 0.873933
207.7 0.826259
207.8 0.780321
207.9 0.736577
208 0.695466
208.1 0.657398
208.2 0.622752
208.3 0.591876
208.4 0.565078
208.5 0.542626
208.6 0.524743
208.7 0.511609
208.8 0.503355
208.9 0.500063
209 0.501767
209.1 0.508448
209.2 0.520041
209.3 0.53643
209.4 0.55745
209.5 0.582892
209.6 0.612502
209.7 0.645984
209.8 0.683003
209.9 0.723189
210 0.766141
210.1 0.811429
210.2 0.858602
210.3 0.907188
210.4 0.9567
210.5 1.00665
210.6 1.05653
210.7 1.10584
210.8 1.1541
210.9 1.20081
211 1.24552
211.1 1.28778
211.2 1.32716
211.3 1.36328
211.4 1.39576
211.5 1.42429
211.6 1.44858
211.7 1.46839
211.8 1.48351
211.9 1.49381
212 1.49917
212.1 1.49955
212.2 1.49493
212.3 1.48537
212.4 1.47096
212.5 1.45184
212.6 1.42821
212.7 1.4003
212.8 1.36839
212.9 1.3328
213 1.29389
213.1 1.25203
213.2 1.20766
213.3 1.16122
213.4 1.11316
213.5 1.06397
213.6 1.01415
213.7 0.964181
213.8 0.914571
213.9 0.865815
214 0.8184
214.1 0.7728
214.2 0.729469
214.3 0.688841
214.4 0.651323
214.5 0.617288
214.6 0.587077
214.7 0.560992
214.8 0.539294
214.9 0.522198
215 0.509877
215.1 0.502453
215.2 0.5
215.3 0.502543
215.4 0.510057
215.5 0.522465
215.6 0.539646
215.7 0.561425
215.8 0.587587
215.9 0.61787
216 0.651971
216.1 0.689549
216.2 0.730229
216.3 0.773605
216.4 0.819242
216.5 0.866686
216.6 0.915462
216.7 0.965082
216.8 1.01505
216.9 1.06487
217 1.11404
217.1 1.16207
217.2 1.20848
217.3 1.25281
217.4 1.29462
217.5 1.33347
217.6 1.369
217.7 1.40084
217.8 1.42868
217.9 1.45223
218 1.47126
218.1 1.48559
218.2 1.49506
218.3 1.49959
218.4 1.49912
218.5 1.49367
218.6 1.48328
218.7 1.46807
218.8 1.44818
218.9 1.42381
219 1.39521
219.1 1.36266
219.2 1.32648
219.3 1.28704
219.4 1.24474
219.5 1.19999
219.6 1.15324
219.7 1.10496
219.8 1.05563
219.9 1.00574
220 0.955801
220.1 0.9063
220.2 0.857736
220.3 0.810593
220.4 0.765343
220.5 0.722437
220.6 0.682305
220.7 0.645347
220.8 0.611932
220.9 0.582395
221 0.557031
221.1 0.536092
221.2 0.519789
221.3 0.508284
221.4 0.501692
221.5 0.500078
221.6 0.50346
221.7 0.511804
221.8 0.525025
221.9 0.542991
222 0.565525
222.1 0.592399
222.2 0.623346
222.3 0.658056
222.4 0.696183
222.5 0.737345
222.6 0.781132
222.7 0.827106
222.8 0.874807
222.9 0.923759
223 0.973473
223.1 1.02345
223.2 1.0732
223.3 1.12221
223.4 1.17
223.5 1.2161
223.6 1.26003
223.7 1.30137
223.8 1.33969
223.9 1.37462
224 1.40581
224.1 1.43294
224.2 1.45575
224.3 1.474
224.4 1.48752
224.5 1.49617
224.6 1.49986
224.7 1.49855
224.8 1.49226
224.9 1.48106
225 1.46505
225.1 1.44439
225.2 1.41929
225.3 1.39
225.4 1.35682
225.5 1.32007
225.6 1.28012
225.7 1.23737
225.8 1.19225
225.9 1.14521
226 1.09672
226.1 1.04726
226.2 0.997336
226.3 0.947433
226.4 0.898055
226.5 0.849697
226.6 0.802839
226.7 0.757952
226.8 0.715484
226.9 0.675858
227 0.639471
227.1 0.606686
227.2 0.577831
227.3 0.553194
227.4 0.533022
227.5 0.517515
227.6 0.506829
227.7 0.501071
227.8 0.500298
227.9 0.504518
228 0.513688
228.1 0.527718
228.2 0.546467
228.3 0.569747
228.4 0.597326
228.5 0.628928
228.6 0.664238
228.7 0.702903
228.8 0.744536
228.9 0.788722
229 0.835019
229.1 0.882964
229.2 0.932079
229.3 0.981872
229.4 1.03185
229.5 1.0815
229.6 1.13034
229.7 1.17788
229.8 1.22365
229.9 1.26717
230 1.30803
230.1 1.34581
230.2 1.38014
230.3 1.41066
230.4 1.43709
230.5 1.45914
230.6 1.47661
230.7 1.48932
230.8 1.49714
230.9 1.49999
231 1.49784
231.1 1.49072
231.2 1.4787
231.3 1.46189
231.4 1.44047
231.5 1.41465
231.6 1.38469
231.7 1.35088
231.8 1.31356
231.9 1.27311
232 1.22994
232.1 1.18446
232.2 1.13715
232.3 1.08846
232.4 1.03889
232.5 0.988929
232.6 0.93908
232.7 0.889839
232.8 0.8417
232.9 0.795142
233 0.75063
233.1 0.708611
233.2 0.669503
233.3 0.633697
233.4 0.601551
233.5 0.573386
233.6 0.549484
233.7 0.530083
233.8 0.515378
233.9 0.505514
234 0.500592
234.1 0.500659
234.2 0.505716
234.3 0.515711
234.4 0.530545
234.5 0.55007
234.6 0.57409
234.7 0.602366
234.8 0.634615
234.9 0.670515
235 0.709707
235.1 0.751799
235.2 0.796371
235.3 0.842978
235.4 0.891154
235.5 0.940417
235.6 0.990276
235.7 1.04023
235.8 1.08979
235.9 1.13844
236 1.18572
236.1 1.23113
236.2 1.27424
236.3 1.31461
236.4 1.35184
236.5 1.38554
236.6 1.4154
236.7 1.44111
236.8 1.46241
236.9 1.47909
237 1.49098
237.1 1.49797
237.2 1.49998
237.3 1.49699
237.4 1.48904
237.5 1.4762
237.6 1.45861
237.7 1.43643
237.8 1.40989
237.9 1.37926
238 1.34484
238.1 1.30697
238.2 1.26603
238.3 1.22244
238.4 1.17662
238.5 1.12904
238.6 1.08017
238.7 1.0305
238.8 0.980526
238.9 0.930744
239 0.881655
239.1 0.833748
239.2 0.787502
239.3 0.743379
239.4 0.70182
239.5 0.663241
239.6 0.628026
239.7 0.596528
239.8 0.569062
239.9 0.545901
240 0.527277
240.1 0.513377
240.2 0.504339
240.3 0.500253
240.4 0.501161
240.5 0.507053
240.6 0.51787
240.7 0.533505
240.8 0.5538
240.9 0.578554
241 0.607519
241.1 0.640406
241.2 0.676885
241.3 0.716593
241.4 0.759132
241.5 0.804078
241.6 0.850982
241.7 0.899375
241.8 0.948773
241.9 0.998683
242 1.04861
242.1 1.09804
242.2 1.1465
242.3 1.1935
242.4 1.23856
242.5 1.28123
242.6 1.3211
242.7 1.35776
242.8 1.39084
242.9 1.42002
243 1.445
243.1 1.46554
243.2 1.48143
243.3 1.4925
243.4 1.49865
243.5 1.49982
243.6 1.496
243.7 1.48722
243.8 1.47357
243.9 1.4552
244 1.43227
244.1 1.40502
244.2 1.37373
244.3 1.3387
244.4 1.30029
244.5 1.25888
244.6 1.21488
244.7 1.16873
244.8 1.1209
244.9 1.07186
245 1.02211
245.1 0.972128
245.2 0.922428
245.3 0.873503
245.4 0.825842
245.5 0.779922
245.6 0.7362
245.7 0.695114
245.8 0.657074
245.9 0.622461
246 0.59162
246.1 0.564859
246.2 0.542447
246.3 0.524605
246.4 0.511514
246.5 0.503304
246.6 0.500056
246.7 0.501804
246.8 0.50853
246.9 0.520166
247 0.536596
247.1 0.557657
247.2 0.583138
247.3 0.612783
247.4 0.646298
247.5 0.683346
247.6 0.723559
247.7 0.766533
247.8 0.811841
247.9 0.859028
248 0.907624
248.1 0.957143
248.2 1.00709
248.3 1.05697
248.4 1.10627
248.5 1.15452
248.6 1.20122
248.7 1.24591
248.8 1.28814
248.9 1.3275
249 1.36358
249.1 1.39603
249.2 1.42452
249.3 1.44877
249.4 1.46854
249.5 1.48363
249.6 1.49388
249.7 1.4992
249.8 1.49953
249.9 1.49487
250 1.48526
250.1 1.47081
250.2 1.45165
250.3 1.42798
250.4 1.40004
250.5 1.36809
250.6 1.33247
250.7 1.29353
250.8 1.25165
250.9 1.20726
251 1.1608
251.1 1.11273
251.2 1.06353
251.3 1.0137
251.4 0.963738
251.5 0.914134
251.6 0.865388
251.7 0.817987
251.8 0.772404
251.9 0.729096
252 0.688494
252.1 0.651005
252.2 0.617002
252.3 0.586827
252.4 0.56078
252.5 0.539121
252.6 0.522068
252.7 0.50979
252.8 0.502409
252.9 0.500001
253 0.502588
253.1 0.510145
253.2 0.522597
253.3 0.539819
253.4 0.561639
253.5 0.587839
253.6 0.618157
253.7 0.65229
253.8 0.689897
253.9 0.730603
254 0.774001
254.1 0.819656
254.2 0.867114
254.3 0.915899
254.4 0.965525
254.5 1.0155
254.6 1.06531
254.7 1.11447
254.8 1.16249
254.9 1.20889
255 1.2532
255.1 1.29497
255.2 1.33381
255.3 1.3693
255.4 1.40111
255.5 1.42891
255.6 1.45242
255.7 1.47141
255.8 1.48569
255.9 1.49512
256 1.4996
256.1 1.49909
256.2 1.4936
256.3 1.48317
256.4 1.46791
256.5 1.44798
256.6 1.42357
256.7 1.39494
256.8 1.36235
256.9 1.32614
257 1.28668
257.1 1.24435
257.2 1.19958
257.3 1.15281
257.4 1.10452
257.5 1.05519
257.6 1.0053
257.7 0.955358
257.8 0.905864
257.9 0.85731
258 0.810182
258.1 0.764951
258.2 0.722068
258.3 0.681962
258.4 0.645034
258.5 0.611652
258.6 0.582151
258.7 0.556825
258.8 0.535927
258.9 0.519665
259 0.508203
259.1 0.501655
259.2 0.500087
259.3 0.503513
259.4 0.5119
259.5 0.525164
259.6 0.543172
259.7 0.565745
259.8 0.592656
259.9 0.623638
260 0.65838
260.1 0.696536
260.2 0.737723
260.3 0.781532
260.4 0.827523
260.5 0.875237
260.6 0.924198
260.7 0.973917
260.8 1.0239
260.9 1.07364
261 1.12264
261.1 1.17042
261.2 1.2165
261.3 1.26041
261.4 1.30172
261.5 1.34002
261.6 1.37492
261.7 1.40607
261.8 1.43317
261.9 1.45593
262 1.47415
262.1 1.48762
262.2 1.49622
262.3 1.49987
262.4 1.49852
262.5 1.49219
262.6 1.48094
262.7 1.46488
262.8 1.44419
262.9 1.41905
263 1.38972
263.1 1.35651
263.2 1.31973
263.3 1.27975
263.4 1.23698
263.5 1.19184
263.6 1.14479
263.7 1.09629
263.8 1.04682
263.9 0.996891
264 0.946991
264.1 0.897621
264.2 0.849273
264.3 0.802431
264.4 0.757564
264.5 0.715119
264.6 0.67552
264.7 0.639163
264.8 0.606412
264.9 0.577593
265 0.552995
265.1 0.532863
265.2 0.517399
265.3 0.506756
265.4 0.501042
265.5 0.500314
265.6 0.504578
265.7 0.513792
265.8 0.527864
265.9 0.546654
266 0.569973
266.1 0.597589
266.2 0.629226
266.3 0.664567
266.4 0.70326
266.5 0.744918
266.6 0.789125
266.7 0.835438
266.8 0.883396
266.9 0.932519
267 0.982316
267.1 1.03229
267.2 1.08194
267.3 1.13077
267.4 1.1783
267.5 1.22404
267.6 1.26755
267.7 1.30838
267.8 1.34613
267.9 1.38043
268 1.41092
268.1 1.4373
268.2 1.45932
268.3 1.47675
268.4 1.48941
268.5 1.49718
268.6 1.49999
268.7 1.4978
268.8 1.49064
268.9 1.47857
269 1.46172
269.1 1.44026
269.2 1.4144
269.3 1.3844
269.4 1.35056
269.5 1.31322
269.6 1.27274
269.7 1.22954
269.8 1.18405
269.9 1.13672
270 1.08802
270.1 1.03845
270.2 0.988485
270.3 0.938639
270.4 0.889406
270.5 0.841279
270.6 0.794737
270.7 0.750246
270.8 0.70825
270.9 0.66917
271 0.633395
271.1 0.601283
271.2 0.573155
271.3 0.549291
271.4 0.529932
271.5 0.515268
271.6 0.505449
271.7 0.50057
271.8 0.500682
271.9 0.505783
272 0.515822
272.1 0.530698
272.2 0.550264
272.3 0.574323
272.4 0.602636
272.5 0.634918
272.6 0.670849
272.7 0.710068
272.8 0.752185
272.9 0.796777
273 0.8434
273.1 0.891588
273.2 0.940858
273.3 0.99072
273.4 1.04067
273.5 1.09022
273.6 1.13887
273.7 1.18613
273.8 1.23153
273.9 1.27461
274 1.31496
274.1 1.35215
274.2 1.38583
274.3 1.41565
274.4 1.44132
274.5 1.46258
274.6 1.47921
274.7 1.49106
274.8 1.49801
274.9 1.49997
275 1.49694
275.1 1.48895
275.2 1.47607
275.3 1.45843
275.4 1.43622
275.5 1.40964
275.6 1.37897
275.7 1.34452
275.8 1.30662
275.9 1.26566
276 1.22204
276.1 1.17621
276.2 1.12861
276.3 1.07973
276.4 1.03006
276.5 0.980082
276.6 0.930304
276.7 0.881223
276.8 0.833329
276.9 0.7871
277 0.742998
277.1 0.701464
277.2 0.662913
277.3 0.62773
277.4 0.596266
277.5 0.568837
277.6 0.545715
277.7 0.527133
277.8 0.513275
277.9 0.504281
278 0.500239
278.1 0.501192
278.2 0.507127
278.3 0.517988
278.4 0.533665
278.5 0.554001
278.6 0.578793
278.7 0.607794
278.8 0.640714
278.9 0.677224
279 0.716959
279.1 0.759521
279.2 0.804487
279.3 0.851406
279.4 0.89981
279.5 0.949215
279.6 0.999127
279.7 1.04905
279.8 1.09848
279.9 1.14693
280 1.1939
280.1 1.23895
280.2 1.2816
280.3 1.32144
280.4 1.35807
280.5 1.39112
280.6 1.42026
280.7 1.44521
280.8 1.4657
280.9 1.48154
281 1.49258
281.1 1.49868
281.2 1.49981
281.3 1.49594
281.4 1.48712
281.5 1.47343
281.6 1.45501
281.7 1.43204
281.8 1.40476
281.9 1.37343
282 1.33837
282.1 1.29994
282.2 1.2585
282.3 1.21448
282.4 1.16832
282.5 1.12047
282.6 1.07142
282.7 1.02166
282.8 0.971685
282.9 0.921989
283 0.873074
283.1 0.825426
283.2 0.779523
283.3 0.735823
283.4 0.694762
283.5 0.656751
283.6 0.62217
283.7 0.591364
283.8 0.564641
283.9 0.542268
284 0.524468
284.1 0.51142
284.2 0.503253
284.3 0.50005
284.4 0.501842
284.5 0.508612
284.6 0.520291
284.7 0.536763
284.8 0.557864
284.9 0.583383
285 0.613064
285.1 0.646612
285.2 0.68369
285.3 0.723929
285.4 0.766926
285.5 0.812252
285.6 0.859454
285.7 0.90806
285.8 0.957585
285.9 1.00753
286 1.05741
286.1 1.10671
286.2 1.15494
286.3 1.20163
286.4 1.2463
286.5 1.28851
286.6 1.32783
286.7 1.36389
286.8 1.3963
286.9 1.42476
287 1.44897
287.1 1.4687
287.2 1.48374
287.3 1.49395
287.4 1.49922
287.5 1.49951
287.6 1.49481
287.7 1.48516
287.8 1.47066
287.9 1.45146
288 1.42775
288.1 1.39977
288.2 1.36779
288.3 1.33214
288.4 1.29317
288.5 1.25127
288.6 1.20685
288.7 1.16038
288.8 1.1123
288.9 1.06309
289 1.01326
289.1 0.963295
289.2 0.913696
289.3 0.86496
289.4 0.817573
289.5 0.772009
289.6 0.728722
289.7 0.688147
289.8 0.650687
289.9 0.616717
290 0.586577
290.1 0.560568
290.2 0.538949
290.3 0.521938
290.4 0.509702
290.5 0.502366
290.6 0.500002
290.7 0.502633
290.8 0.510235
290.9 0.522729
291 0.539993
291.1 0.561853
291.2 0.58809
291.3 0.618443
291.4 0.652609
291.5 0.690246
291.6 0.730977
291.7 0.774397
291.8 0.82007
291.9 0.867542
292 0.916337
292.1 0.965968
292.2 1.01594
292.3 1.06575
292.4 1.11491
292.5 1.16291
292.6 1.20929
292.7 1.25358
292.8 1.29533
292.9 1.33414
293 1.3696
293.1 1.40137
293.2 1.42913
293.3 1.45261
293.4 1.47156
293.5 1.4858
293.6 1.49518
293.7 1.49962
293.8 1.49907
293.9 1.49353
294 1.48305
294.1 1.46776
294.2 1.44778
294.3 1.42334
294.4 1.39466
294.5 1.36204
294.6 1.32581
294.7 1.28631
294.8 1.24396
294.9 1.19917
295 1.15239
295.1 1.10409
295.2 1.05474
295.3 1.00485
295.4 0.954916
295.5 0.905428
295.6 0.856885
295.7 0.809771
295.8 0.764559
295.9 0.721699
296 0.681619
296.1 0.644721
296.2 0.611373
296.3 0.581907
296.4 0.556619
296.5 0.535762
296.6 0.519542
296.7 0.508123
296.8 0.501619
296.9 0.500095
297 0.503565
297.1 0.511996
297.2 0.525303
297.3 0.543352
297.4 0.565965
297.5 0.592914
297.6 0.62393
297.7 0.658705
297.8 0.696889
297.9 0.738102
298 0.781931
298.1 0.82794
298.2 0.875667
298.3 0.924637
298.4 0.97436
298.5 1.02434
298.6 1.07408
298.7 1.12307
298.8 1.17084
298.9 1.2169
299 1.26079
299.1 1.30207
299.2 1.34034
299.3 1.37521
299.4 1.40633
299.5 1.43339
299.6 1.45612
299.7 1.47429
299.8 1.48772
299.9 1.49628
300 1.49988
300.1 1.49848
300.2 1.49211
300.3 1.48082
300.4 1.46472
300.5 1.44398
300.6 1.41881
300.7 1.38945
300.8 1.35619
300.9 1.31938
301 1.27938
301.1 1.23659
301.2 1.19143
301.3 1.14436
301.4 1.09585
301.5 1.04638
301.6 0.996447
301.7 0.94655
301.8 0.897186
301.9 0.84885
302 0.802024
302.1 0.757176
302.2 0.714754
302.3 0.675182
302.4 0.638856
302.5 0.606138
302.6 0.577356
302.7 0.552796
302.8 0.532705
302.9 0.517283
303 0.506684
303.1 0.501014
303.2 0.50033
303.3 0.504638
303.4 0.513896
303.5 0.52801
303.6 0.546841
303.7 0.5702
303.8 0.597853
303.9 0.629524
304 0.664897
304.1 0.703618
304.2 0.7453
304.3 0.789527
304.4 0.835857
304.5 0.883828
304.6 0.932959
304.7 0.98276
304.8 1.03273
304.9 1.08238
305 1.1312
305.1 1.17871
305.2 1.22444
305.3 1.26792
305.4 1.30873
305.5 1.34645
305.6 1.38071
305.7 1.41117
305.8 1.43752
305.9 1.4595
306 1.47688
306.1 1.4895
306.2 1.49723
306.3 1.49999
306.4 1.49776
306.5 1.49055
306.6 1.47844
306.7 1.46155
306.8 1.44005
306.9 1.41415
307 1.38412
307.1 1.35024
307.2 1.31287
307.3 1.27237
307.4 1.22915
307.5 1.18364
307.6 1.13629
307.7 1.08759
307.8 1.038
307.9 0.988041
308 0.938198
308.1 0.888973
308.2 0.840857
308.3 0.794332
308.4 0.749861
308.5 0.707889
308.6 0.668837
308.7 0.633093
308.8 0.601015
308.9 0.572923
309 0.549099
309.1 0.52978
309.2 0.51516
309.3 0.505383
309.4 0.500549
309.5 0.500705
309.6 0.50585
309.7 0.515933
309.8 0.530851
309.9 0.550458
310 0.574556
310.1 0.602905
310.2 0.635222
310.3 0.671183
310.4 0.71043
310.5 0.75257
310.6 0.797183
310.7 0.843822
310.8 0.892021
310.9 0.941299
311 0.991164
311.1 1.04112
311.2 1.09066
311.3 1.1393
311.4 1.18654
311.5 1.23192
311.6 1.27498
311.7 1.3153
311.8 1.35247
311.9 1.38611
312 1.4159
312.1 1.44153
312.2 1.46275
312.3 1.47934
312.4 1.49115
312.5 1.49804
312.6 1.49997
312.7 1.49689
312.8 1.48886
312.9 1.47593
313 1.45825
313.1 1.436
313.2 1.40939
313.3 1.37868
313.4 1.34419
313.5 1.30627
313.6 1.26528
313.7 1.22164
313.8 1.17579
313.9 1.12819
314 1.0793
314.1 1.02962
314.2 0.979638
314.3 0.929865
314.4 0.880792
314.5 0.83291
314.6 0.786698
314.7 0.742617
314.8 0.701108
314.9 0.662585
315 0.627433
315.1 0.596004
315.2 0.568612
315.3 0.54553
315.4 0.526989
315.5 0.513174
315.6 0.504223
315.7 0.500226
315.8 0.501222
315.9 0.507202
316 0.518106
316.1 0.533825
316.2 0.554202
316.3 0.579033
316.4 0.60807
316.5 0.641023
316.6 0.677563
316.7 0.717325
316.8 0.759911
316.9 0.804896
317 0.85183
317.1 0.900245
317.2 0.949656
317.3 0.999571
317.4 1.04949
317.5 1.09891
317.6 1.14735
317.7 1.19431
317.8 1.23934
317.9 1.28197
318 1.32178
318.1 1.35838
318.2 1.3914
318.3 1.4205
318.4 1.44541
318.5 1.46586
318.6 1.48166
318.7 1.49265
318.8 1.49872
318.9 1.4998
319 1.49589
319.1 1.48702
319.2 1.47329
319.3 1.45483
319.4 1.43182
319.5 1.4045
319.6 1.37314
319.7 1.33805
319.8 1.29958
319.9 1.25812
320 1.21408
320.1 1.1679
320.2 1.12004
320.3 1.07098
320.4 1.02122
320.5 0.971241
320.6 0.921551
320.7 0.872644
320.8 0.82501
320.9 0.779125
321 0.735446
321.1 0.69441
321.2 0.656428
321.3 0.621879
321.4 0.591108
321.5 0.564423
321.6 0.542089
321.7 0.524331
321.8 0.511326
321.9 0.503203
322 0.500044
322.1 0.50188
322.2 0.508694
322.3 0.520416
322.4 0.536931
322.5 0.558072
322.6 0.583629
322.7 0.613346
322.8 0.646926
322.9 0.684034
323 0.724299
323.1 0.767319
323.2 0.812664
323.3 0.85988
323.4 0.908497
323.5 0.958028
323.6 1.00798
323.7 1.05785
323.8 1.10714
323.9 1.15536
324 1.20203
324.1 1.24668
324.2 1.28887
324.3 1.32817
324.4 1.36419
324.5 1.39657
324.6 1.42499
324.7 1.44917
324.8 1.46885
324.9 1.48385
325 1.49402
325.1 1.49925
325.2 1.49949
325.3 1.49474
325.4 1.48505
325.5 1.47051
325.6 1.45127
325.7 1.42752
325.8 1.3995
325.9 1.36749
326 1.33181
326.1 1.29281
326.2 1.25088
326.3 1.20645
326.4 1.15996
326.5 1.11186
326.6 1.06265
326.7 1.01282
326.8 0.962852
326.9 0.913259
327 0.864533
327.1 0.81716
327.2 0.771614
327.3 0.72835
327.4 0.6878
327.5 0.650369
327.6 0.616432
327.7 0.586328
327.8 0.560356
327.9 0.538778
328 0.521808
328.1 0.509615
328.2 0.502323
328.3 0.500003
328.4 0.502679
328.5 0.510324
328.6 0.522862
328.7 0.540167
328.8 0.562067
328.9 0.588342
329 0.618731
329.1 0.652929
329.2 0.690594
329.3 0.731352
329.4 0.774793
329.5 0.820485
329.6 0.86797
329.7 0.916775
329.8 0.966411
329.9 1.01638
330 1.06619
330.1 1.11534
330.2 1.16333
330.3 1.20969
330.4 1.25396
330.5 1.29569
330.6 1.33447
330.7 1.3699
330.8 1.40164
330.9 1.42936
331 1.4528
331.1 1.47171
331.2 1.4859
331.3 1.49524
331.4 1.49964
331.5 1.49904
331.6 1.49346
331.7 1.48294
331.8 1.4676
331.9 1.44759
332 1.4231
332.1 1.39439
332.2 1.36174
332.3 1.32547
332.4 1.28595
332.5 1.24357
332.6 1.19876
332.7 1.15197
332.8 1.10365
332.9 1.0543
333 1.00441
333.1 0.954474
333.2 0.904992
333.3 0.856459
333.4 0.809361
333.5 0.764167
333.6 0.72133
333.7 0.681277
333.8 0.644409
333.9 0.611093
334 0.581664
334.1 0.556414
334.2 0.535597
334.3 0.519419
334.4 0.508044
334.5 0.501584
334.6 0.500104
334.7 0.503619
334.8 0.512093
334.9 0.525442
335 0.543534
335.1 0.566185
335.2 0.593172
335.3 0.624223
335.4 0.659029
335.5 0.697242
335.6 0.73848
335.7 0.782331
335.8 0.828357
335.9 0.876097
336 0.925076
336.1 0.974804
336.2 1.02478
336.3 1.07451
336.4 1.1235
336.5 1.17125
336.6 1.2173
336.7 1.26117
336.8 1.30243
336.9 1.34067
337 1.3755
337.1 1.40659
337.2 1.43361
337.3 1.4563
337.4 1.47443
337.5 1.48782
337.6 1.49633
337.7 1.49989
337.8 1.49845
337.9 1.49203
338 1.48069
338.1 1.46456
338.2 1.44378
338.3 1.41856
338.4 1.38917
338.5 1.35588
338.6 1.31904
338.7 1.27901
338.8 1.2362
338.9 1.19102
339 1.14394
339.1 1.09541
339.2 1.04594
339.3 0.996003
339.4 0.946108
339.5 0.896752
339.6 0.848426
339.7 0.801616
339.8 0.756787
339.9 0.714389
340 0.674845
340.1 0.638549
340.2 0.605865
340.3 0.577119
340.4 0.552598
340.5 0.532547
340.6 0.517167
340.7 0.506612
340.8 0.500986
340.9 0.500346
341 0.504698
341.1 0.514
341.2 0.528157
341.3 0.547029
341.4 0.570427
341.5 0.598117
341.6 0.629822
341.7 0.665226
341.8 0.703975
341.9 0.745682
342 0.78993
342.1 0.836277
342.2 0.88426
342.3 0.933399
342.4 0.983204
342.5 1.03318
342.6 1.08282
342.7 1.13163
342.8 1.17913
342.9 1.22484
343 1.2683
343.1 1.30908
343.2 1.34677
343.3 1.381
343.4 1.41142
343.5 1.43773
343.6 1.45967
343.7 1.47701
343.8 1.48959
343.9 1.49728
344 1.5
344.1 1.49772
344.2 1.49047
344.3 1.47831
344.4 1.46138
344.5 1.43984
344.6 1.4139
344.7 1.38383
344.8 1.34993
344.9 1.31252
345 1.272
345.1 1.22875
345.2 1.18323
345.3 1.13587
345.4 1.08715
345.5 1.03756
345.6 0.987597
345.7 0.937758
345.8 0.88854
345.9 0.840437
346 0.793927
346.1 0.749477
346.2 0.707529
346.3 0.668504
346.4 0.632791
346.5 0.600747
346.6 0.572693
346.7 0.548908
346.8 0.52963
346.9 0.515051
347 0.505319
347.1 0.500529
347.2 0.500729
347.3 0.505918
347.4 0.516044
347.5 0.531005
347.6 0.550653
347.7 0.57479
347.8 0.603175
347.9 0.635526
348 0.671518
348.1 0.710792
348.2 0.752956
348.3 0.797589
348.4 0.844244
348.5 0.892455
348.6 0.94174
348.7 0.991608
348.8 1.04156
348.9 1.0911
349 1.13972
349.1 1.18695
349.2 1.23231
349.3 1.27536
349.4 1.31565
349.5 1.35278
349.6 1.38639
349.7 1.41614
349.8 1.44173
349.9 1.46291
350 1.47947
350.1 1.49123
350.2 1.49808
350.3 1.49996
350.4 1.49684
350.5 1.48876
350.6 1.4758
350.7 1.45808
350.8 1.43578
350.9 1.40913
351 1.37839
351.1 1.34387
351.2 1.30592
351.3 1.26491
351.4 1.22125
351.5 1.17538
351.6 1.12776
351.7 1.07886
351.8 1.02917
351.9 0.979195
352 0.929425
352.1 0.880361
352.2 0.832492
352.3 0.786296
352.4 0.742236
352.5 0.700752
352.6 0.662257
352.7 0.627137
352.8 0.595743
352.9 0.568388
353 0.545345
353.1 0.526845
353.2 0.513073
353.3 0.504166
353.4 0.500213
353.5 0.501254
353.6 0.507278
353.7 0.518225
353.8 0.533986
353.9 0.554403
354 0.579273
354.1 0.608346
354.2 0.641332
354.3 0.677903
354.4 0.717691
354.5 0.7603
354.6 0.805305
354.7 0.852254
354.8 0.90068
354.9 0.950098
355 1.00002
355.1 1.04993
355.2 1.09935
355.3 1.14777
355.4 1.19472
355.5 1.23973
355.6 1.28233
355.7 1.32212
355.8 1.35869
355.9 1.39167
356 1.42074
356.1 1.44561
356.2 1.46603
356.3 1.48178
356.4 1.49273
356.5 1.49875
356.6 1.49979
356.7 1.49583
356.8 1.48692
356.9 1.47315
357 1.45464
357.1 1.4316
357.2 1.40424
357.3 1.37284
357.4 1.33772
357.5 1.29922
357.6 1.25774
357.7 1.21368
357.8 1.16748
357.9 1.11961
358 1.07055
358.1 1.02078
358.2 0.970798
358.3 0.921112
358.4 0.872215
358.5 0.824594
358.6 0.778726
358.7 0.735069
358.8 0.694059
358.9 0.656106
359 0.621589
359.1 0.590853
359.2 0.564205
359.3 0.541911
359.4 0.524194
359.5 0.511232
359.6 0.503153
359.7 0.500038
359.8 0.501919
359.9 0.508777
360 0.520542
360.1 0.537098
360.2 0.55828
360.3 0.583875
360.4 0.613627
360.5 0.647241
360.6 0.684378
360.7 0.72467
360.8 0.767712
360.9 0.813076
361 0.860307
361.1 0.908934
361.2 0.95847
361.3 1.00842
361.4 1.05829
361.5 1.10757
361.6 1.15579
361.7 1.20244
361.8 1.24707
361.9 1.28923
362 1.3285
362.1 1.36449
362.2 1.39684
362.3 1.42523
362.4 1.44936
362.5 1.46901
362.6 1.48396
362.7 1.49409
362.8 1.49927
362.9 1.49947
363 1.49468
363.1 1.48494
363.2 1.47036
363.3 1.45108
363.4 1.42729
363.5 1.39923
363.6 1.36719
363.7 1.33147
363.8 1.29245
363.9 1.2505
364 1.20605
364.1 1.15953
364.2 1.11143
364.3 1.06221
364.4 1.01237
364.5 0.962409
364.6 0.912822
364.7 0.864105
364.8 0.816746
364.9 0.771219
365 0.727977
365.1 0.687453
365.2 0.650052
365.3 0.616147
365.4 0.586078
365.5 0.560145
365.6 0.538606
365.7 0.521678
365.8 0.509529
365.9 0.50228
366 0.500005
366.1 0.502725
366.2 0.510414
366.3 0.522995
366.4 0.540342
366.5 0.562281
366.6 0.588594
366.7 0.619018
366.8 0.653248
366.9 0.690943
367 0.731726
367.1 0.77519
367.2 0.820899
367.3 0.868399
367.4 0.917213
367.5 0.966854
367.6 1.01683
367.7 1.06663
367.8 1.11577
367.9 1.16375
368 1.2101
368.1 1.25434
368.2 1.29605
368.3 1.3348
368.4 1.3702
368.5 1.4019
368.6 1.42959
368.7 1.45298
368.8 1.47185
368.9 1.48601
369 1.49531
369.1 1.49966
369.2 1.49901
369.3 1.49338
369.4 1.48282
369.5 1.46744
369.6 1.44739
369.7 1.42287
369.8 1.39412
369.9 1.36143
370 1.32513
370.1 1.28559
370.2 1.24319
370.3 1.19836
370.4 1.15154
370.5 1.10322
370.6 1.05386
370.7 1.00397
370.8 0.954032
370.9 0.904556
371 0.856034
371.1 0.80895
371.2 0.763776
371.3 0.720961
371.4 0.680935
371.5 0.644097
371.6 0.610814
371.7 0.581421
371.8 0.55621
371.9 0.535432
372 0.519297
372.1 0.507965
372.2 0.501549
372.3 0.500113
372.4 0.503672
372.5 0.51219
372.6 0.525583
372.7 0.543715
372.8 0.566406
372.9 0.59343
373 0.624516
373.1 0.659354
373.2 0.697596
373.3 0.738859
373.4 0.782731
373.5 0.828774
373.6 0.876528
373.7 0.925515
373.8 0.975247
373.9 1.02523
374 1.07495
374.1 1.12393
374.2 1.17167
374.3 1.2177
374.4 1.26155
374.5 1.30278
374.6 1.34099
374.7 1.3758
374.8 1.40685
374.9 1.43383
375 1.45648
375.1 1.47457
375.2 1.48791
375.3 1.49639
375.4 1.4999
375.5 1.49841
375.6 1.49195
375.7 1.48057
375.8 1.46439
375.9 1.44357
376 1.41832
376.1 1.38889
376.2 1.35557
376.3 1.3187
376.4 1.27865
376.5 1.23581
376.6 1.19061
376.7 1.14351
376.8 1.09498
376.9 1.0455
377 0.995559
377.1 0.945667
377.2 0.896317
377.3 0.848003
377.4 0.801208
377.5 0.7564
377.6 0.714025
377.7 0.674507
377.8 0.638242
377.9 0.605592
378 0.576882
378.1 0.5524
378.2 0.53239
378.3 0.517052
378.4 0.50654
378.5 0.500958
378.6 0.500363
378.7 0.504759
378.8 0.514104
378.9 0.528304
379 0.547217
379.1 0.570654
379.2 0.598381
379.3 0.630121
379.4 0.665556
379.5 0.704333
379.6 0.746065
379.7 0.790333
379.8 0.836697
379.9 0.884692
380 0.933839
380.1 0.983647
380.2 1.03362
380.3 1.08325
380.4 1.13206
380.5 1.17954
380.6 1.22523
380.7 1.26867
380.8 1.30943
380.9 1.34709
381 1.38129
381.1 1.41168
381.2 1.43795
381.3 1.45984
381.4 1.47715
381.5 1.48968
381.6 1.49732
381.7 1.5
381.8 1.49767
381.9 1.49038
382 1.47818
382.1 1.46121
382.2 1.43963
382.3 1.41366
382.4 1.38355
382.5 1.34961
382.6 1.31218
382.7 1.27163
382.8 1.22836
382.9 1.18281
383 1.13544
383.1 1.08671
383.2 1.03712
383.3 0.987153
383.4 0.937317
383.5 0.888107
383.6 0.840016
383.7 0.793522
383.8 0.749092
383.9 0.707169
384 0.668172
384.1 0.63249
384.2 0.60048
384.3 0.572462
384.4 0.548716
384.5 0.529479
384.6 0.514943
384.7 0.505254
384.8 0.500508
384.9 0.500753
385 0.505987
385.1 0.516156
385.2 0.531159
385.3 0.550848
385.4 0.575023
385.5 0.603446
385.6 0.63583
385.7 0.671853
385.8 0.711155
385.9 0.753343
386 0.797995
386.1 0.844666
386.2 0.892888
386.3 0.942181
386.4 0.992052
386.5 1.042
386.6 1.09153
386.7 1.14015
386.8 1.18736
386.9 1.23271
387 1.27573
387.1 1.31599
387.2 1.3531
387.3 1.38667
387.4 1.41639
387.5 1.44194
387.6 1.46308
387.7 1.47959
387.8 1.49131
387.9 1.49812
388 1.49996
388.1 1.49679
388.2 1.48867
388.3 1.47566
388.4 1.4579
388.5 1.43556
388.6 1.40887
388.7 1.3781
388.8 1.34355
388.9 1.30557
389 1.26453
389.1 1.22085
389.2 1.17496
389.3 1.12733
389.4 1.07842
389.5 1.02873
389.6 0.978751
389.7 0.928985
389.8 0.87993
389.9 0.832073
390 0.785895
390.1 0.741856
390.2 0.700396
390.3 0.66193
390.4 0.626842
390.5 0.595482
390.6 0.568164
390.7 0.54516
390.8 0.526702
390.9 0.512972
391 0.504109
391.1 0.5002
391.2 0.501285
391.3 0.507353
391.4 0.518344
391.5 0.534147
391.6 0.554605
391.7 0.579513
391.8 0.608622
391.9 0.641642
392 0.678242
392.1 0.718058
392.2 0.76069
392.3 0.805714
392.4 0.852679
392.5 0.901115
392.6 0.95054
392.7 1.00046
392.8 1.05037
392.9 1.09978
393 1.1482
393.1 1.19513
393.2 1.24012
393.3 1.2827
393.4 1.32246
393.5 1.359
393.6 1.39195
393.7 1.42098
393.8 1.44581
393.9 1.46619
394 1.4819
394.1 1.4928
394.2 1.49878
394.3 1.49977
394.4 1.49577
394.5 1.48682
394.6 1.473
394.7 1.45446
394.8 1.43137
394.9 1.40398
395 1.37255
395.1 1.33739
395.2 1.29887
395.3 1.25736
395.4 1.21327
395.5 1.16706
395.6 1.11918
395.7 1.07011
395.8 1.02033
395.9 0.970355
396 0.920674
396.1 0.871786
396.2 0.824178
396.3 0.778328
396.4 0.734693
396.5 0.693708
396.6 0.655784
396.7 0.621299
396.8 0.590598
396.9 0.563987
397 0.541733
397.1 0.524058
397.2 0.511138
397.3 0.503103
397.4 0.500033
397.5 0.501958
397.6 0.50886
397.7 0.520668
397.8 0.537266
397.9 0.558488
398 0.584121
398.1 0.613909
398.2 0.647555
398.3 0.684723
398.4 0.725041
398.5 0.768106
398.6 0.813488
398.7 0.860733
398.8 0.90937
398.9 0.958913
399 1.00887
399.1 1.05873
399.2 1.10801
399.3 1.15621
399.4 1.20284
399.5 1.24746
399.6 1.28959
399.7 1.32884
399.8 1.3648
399.9 1.39711
400 1.42546
400.1 1.44956
400.2 1.46916
400.3 1.48407
400.4 1.49415
400.5 1.4993
400.6 1.49945
400.7 1.49461
400.8 1.48483
400.9 1.47021
401 1.45089
401.1 1.42706
401.2 1.39897
401.3 1.36689
401.4 1.33114
401.5 1.29209
401.6 1.25011
401.7 1.20564
401.8 1.15911
401.9 1.111
402 1.06177
402.1 1.01193
402.2 0.961967
402.3 0.912385
402.4 0.863678
402.5 0.816333
402.6 0.770824
402.7 0.727604
402.8 0.687106
402.9 0.649735
403 0.615863
403.1 0.585829
403.2 0.559934
403.3 0.538436
403.4 0.521549
403.5 0.509443
403.6 0.502238
403.7 0.500007
403.8 0.502772
403.9 0.510505
404 0.523128
404.1 0.540517
404.2 0.562496
404.3 0.588847
404.4 0.619306
404.5 0.653568
404.6 0.691292
404.7 0.732101
404.8 0.775586
404.9 0.821314
405 0.868827
405.1 0.917651
405.2 0.967297
405.3 1.01727
405.4 1.06707
405.5 1.1162
405.6 1.16417
405.7 1.2105
405.8 1.25473
405.9 1.29641
406 1.33513
406.1 1.3705
406.2 1.40217
406.3 1.42982
406.4 1.45317
406.5 1.472
406.6 1.48611
406.7 1.49537
406.8 1.49967
406.9 1.49898
407 1.49331
407.1 1.48271
407.2 1.46728
407.3 1.44719
407.4 1.42263
407.5 1.39384
407.6 1.36112
407.7 1.32479
407.8 1.28522
407.9 1.2428
408 1.19795
408.1 1.15112
408.2 1.10278
408.3 1.05342
408.4 1.00352
408.5 0.953589
408.6 0.90412
408.7 0.855609
408.8 0.80854
408.9 0.763384
409 0.720593
409.1 0.680593
409.2 0.643785
409.3 0.610536
409.4 0.581178
409.5 0.556005
409.6 0.535268
409.7 0.519175
409.8 0.507886
409.9 0.501514
410 0.500123
410.1 0.503726
410.2 0.512288
410.3 0.525723
410.4 0.543897
410.5 0.566628
410.6 0.593689
410.7 0.62481
410.8 0.659679
410.9 0.697949
411 0.739237
411.1 0.783131
411.2 0.829191
411.3 0.876958
411.4 0.925955
411.5 0.975691
411.6 1.02567
411.7 1.07539
411.8 1.12436
411.9 1.17209
412 1.2181
412.1 1.26192
412.2 1.30314
412.3 1.34132
412.4 1.37609
412.5 1.4071
412.6 1.43405
412.7 1.45666
412.8 1.47471
412.9 1.48801
413 1.49644
413.1 1.49991
413.2 1.49838
413.3 1.49187
413.4 1.48045
413.5 1.46423
413.6 1.44337
413.7 1.41808
413.8 1.38861
413.9 1.35526
414 1.31836
414.1 1.27828
414.2 1.23541
414.3 1.1902
414.4 1.14309
414.5 1.09454
414.6 1.04505
414.7 0.995115
414.8 0.945225
414.9 0.895883
415 0.84758
415.1 0.800801
415.2 0.756012
415.3 0.713661
415.4 0.67417
415.5 0.637936
415.6 0.605319
415.7 0.576645
415.8 0.552202
415.9 0.532233
416 0.516937
416.1 0.506468
416.2 0.500931
416.3 0.50038
416.4 0.504821
416.5 0.514209
416.6 0.528452
416.7 0.547406
416.8 0.570882
416.9 0.598646
417 0.63042
417.1 0.665887
417.2 0.704692
417.3 0.746447
417.4 0.790736
417.5 0.837116
417.6 0.885124
417.7 0.934279
417.8 0.984091
417.9 1.03406
418 1.08369
418.1 1.13249
418.2 1.17996
418.3 1.22563
418.4 1.26905
418.5 1.30978
418.6 1.34741
418.7 1.38158
418.8 1.41193
418.9 1.43816
419 1.46002
419.1 1.47728
419.2 1.48977
419.3 1.49737
419.4 1.5
419.5 1.49763
419.6 1.49029
419.7 1.47805
419.8 1.46104
419.9 1.43942
420 1.41341
420.1 1.38326
420.2 1.34929
420.3 1.31183
420.4 1.27125
420.5 1.22796
420.6 1.1824
420.7 1.13501
420.8 1.08627
420.9 1.03667
421 0.986709
421.1 0.936877
421.2 0.887675
421.3 0.839595
421.4 0.793118
421.5 0.748708
421.6 0.706809
421.7 0.66784
421.8 0.632189
421.9 0.600213
422 0.572232
422.1 0.548525
422.2 0.529329
422.3 0.514836
422.4 0.50519
422.5 0.500489
422.6 0.500778
422.7 0.506055
422.8 0.516268
422.9 0.531314
423 0.551043
423.1 0.575258
423.2 0.603716
423.3 0.636134
423.4 0.672188
423.5 0.711517
423.6 0.753729
423.7 0.798401
423.8 0.845088
423.9 0.893322
424 0.942623
424.1 0.992496
424.2 1.04244
424.3 1.09197
424.4 1.14057
424.5 1.18778
424.6 1.2331
424.7 1.2761
424.8 1.31633
424.9 1.35341
425 1.38695
425.1 1.41663
425.2 1.44215
425.3 1.46325
425.4 1.47972
425.5 1.49139
425.6 1.49816
425.7 1.49995
425.8 1.49674
425.9 1.48857
426 1.47552
426.1 1.45772
426.2 1.43534
426.3 1.40862
426.4 1.37781
426.5 1.34323
426.6 1.30521
426.7 1.26415
426.8 1.22045
426.9 1.17455
427 1.1269
427.1 1.07798
427.2 1.02829
427.3 0.978307
427.4 0.928546
427.5 0.879499
427.6 0.831655
427.7 0.785494
427.8 0.741476
427.9 0.700041
428 0.661603
428.1 0.626546
428.2 0.595221
428.3 0.56794
428.4 0.544976
428.5 0.526559
428.6 0.512872
428.7 0.504052
428.8 0.500188
428.9 0.501317
429 0.507429
429.1 0.518463
429.2 0.534309
429.3 0.554807
429.4 0.579753
429.5 0.608899
429.6 0.641952
429.7 0.678583
429.8 0.718425
429.9 0.76108
430 0.806123
430.1 0.853103
430.2 0.901551
430.3 0.950982
430.4 1.0009
430.5 1.05082
430.6 1.10022
430.7 1.14862
430.8 1.19554
430.9 1.24051
431 1.28307
431.1 1.3228
431.2 1.35931
431.3 1.39222
431.4 1.42122
431.5 1.44601
431.6 1.46635
431.7 1.48202
431.8 1.49288
431.9 1.49881
432 1.49976
432.1 1.49572
432.2 1.48672
432.3 1.47286
432.4 1.45427
432.5 1.43115
432.6 1.40372
432.7 1.37225
432.8 1.33707
432.9 1.29851
433 1.25698
433.1 1.21287
433.2 1.16664
433.3 1.11875
433.4 1.06967
433.5 1.01989
433.6 0.969911
433.7 0.920235
433.8 0.871356
433.9 0.823763
434 0.77793
434.1 0.734316
434.2 0.693357
434.3 0.655462
434.4 0.621009
434.5 0.590343
434.6 0.56377
434.7 0.541556
434.8 0.523922
434.9 0.511045
435 0.503054
435.1 0.500028
435.2 0.501998
435.3 0.508943
435.4 0.520795
435.5 0.537435
435.6 0.558697
435.7 0.584368
435.8 0.614192
435.9 0.647871
436 0.685068
436.1 0.725412
436.2 0.768499
436.3 0.8139
436.4 0.86116
436.5 0.909807
436.6 0.959355
436.7 1.00931
436.8 1.05917
436.9 1.10844
437 1.15663
437.1 1.20325
437.2 1.24784
437.3 1.28996
437.4 1.32917
437.5 1.3651
437.6 1.39738
437.7 1.42569
437.8 1.44975
437.9 1.46931
438 1.48419
438.1 1.49422
438.2 1.49932
438.3 1.49943
438.4 1.49455
438.5 1.48472
438.6 1.47006
438.7 1.4507
438.8 1.42683
438.9 1.3987
439 1.36658
439.1 1.33081
439.2 1.29173
439.3 1.24973
439.4 1.20524
439.5 1.15869
439.6 1.11056
439.7 1.06133
439.8 1.01148
439.9 0.961524
440 0.911947
440.1 0.863251
440.2 0.81592
440.3 0.770429
440.4 0.727232
440.5 0.68676
440.6 0.649418
440.7 0.615579
440.8 0.585581
440.9 0.559723
441 0.538265
441.1 0.52142
441.2 0.509357
441.3 0.502196
441.4 0.50001
441.5 0.502819
441.6 0.510595
441.7 0.523262
441.8 0.540692
441.9 0.562711
442 0.5891
442.1 0.619594
442.2 0.653889
442.3 0.691642
442.4 0.732476
442.5 0.775983
442.6 0.821729
442.7 0.869256
442.8 0.918089
442.9 0.96774
443 1.01771
443.1 1.06751
443.2 1.11663
443.3 1.16459
443.4 1.2109
443.5 1.25511
443.6 1.29676
443.7 1.33546
443.8 1.37079
443.9 1.40243
444 1.43004
444.1 1.45336
444.2 1.47215
444.3 1.48622
444.4 1.49543
444.5 1.49969
444.6 1.49896
444.7 1.49324
444.8 1.48259
444.9 1.46713
445 1.44699
445.1 1.42239
445.2 1.39357
445.3 1.36082
445.4 1.32446
445.5 1.28486
445.6 1.24241
445.7 1.19754
445.8 1.1507
445.9 1.10235
446 1.05298
446.1 1.00308
446.2 0.953147
446.3 0.903684
446.4 0.855184
446.5 0.80813
446.6 0.762993
446.7 0.720225
446.8 0.680252
446.9 0.643473
447 0.610258
447.1 0.580936
447.2 0.555801
447.3 0.535105
447.4 0.519054
447.5 0.507808
447.6 0.50148
447.7 0.500133
447.8 0.50378
447.9 0.512386
448 0.525864
448.1 0.544079
448.2 0.566849
448.3 0.593948
448.4 0.625103
448.5 0.660005
448.6 0.698303
448.7 0.739616
448.8 0.783531
448.9 0.829609
449 0.877389
449.1 0.926394
449.2 0.976134
449.3 1.02611
449.4 1.07583
449.5 1.12479
449.6 1.17251
449.7 1.2185
449.8 1.2623
449.9 1.30349
450 1.34164
450.1 1.37638
450.2 1.40736
450.3 1.43427
450.4 1.45684
450.5 1.47485
450.6 1.48811
450.7 1.49649
450.8 1.49991
450.9 1.49834
451 1.49179
451.1 1.48033
451.2 1.46406
451.3 1.44316
451.4 1.41783
451.5 1.38833
451.6 1.35495
451.7 1.31801
451.8 1.27791
451.9 1.23502
452 1.18979
452.1 1.14266
452.2 1.09411
452.3 1.04461
452.4 0.994671
452.5 0.944784
452.6 0.895448
452.7 0.847157
452.8 0.800394
452.9 0.755624
453 0.713297
453.1 0.673834
453.2 0.63763
453.3 0.605046
453.4 0.576409
453.5 0.552004
453.6 0.532076
453.7 0.516823
453.8 0.506397
453.9 0.500904
454 0.500397
454.1 0.504882
454.2 0.514315
454.3 0.5286
454.4 0.547595
454.5 0.57111
454.6 0.598911
454.7 0.630719
454.8 0.666217
454.9 0.70505
455 0.74683
455.1 0.79114
455.2 0.837536
455.3 0.885556
455.4 0.93472
455.5 0.984535
455.6 1.03451
455.7 1.08413
455.8 1.13292
455.9 1.18037
456 1.22603
456.1 1.26942
456.2 1.31013
456.3 1.34773
456.4 1.38186
456.5 1.41218
456.6 1.43838
456.7 1.46019
456.8 1.47741
456.9 1.48986
457 1.49741
457.1 1.5
457.2 1.49759
457.3 1.4902
457.4 1.47792
457.5 1.46087
457.6 1.43921
457.7 1.41316
457.8 1.38298
457.9 1.34897
458 1.31148
458.1 1.27088
458.2 1.22757
458.3 1.18199
458.4 1.13458
458.5 1.08584
458.6 1.03623
458.7 0.986265
458.8 0.936436
458.9 0.887242
459 0.839175
459.1 0.792714
459.2 0.748324
459.3 0.70645
459.4 0.667508
459.5 0.631888
459.6 0.599947
459.7 0.572002
459.8 0.548335
459.9 0.529179
460 0.514729
460.1 0.505127
460.2 0.500469
460.3 0.500803
460.4 0.506124
460.5 0.51638
460.6 0.531469
460.7 0.551238
460.8 0.575492
460.9 0.603987
461 0.636439
461.1 0.672524
461.2 0.71188
461.3 0.754116
461.4 0.798808
461.5 0.84551
461.6 0.893756
461.7 0.943064
461.8 0.99294
461.9 1.04289
462 1.09241
462.1 1.141
462.2 1.18819
462.3 1.23349
462.4 1.27647
462.5 1.31668
462.6 1.35372
462.7 1.38724
462.8 1.41688
462.9 1.44236
463 1.46341
463.1 1.47984
463.2 1.49148
463.3 1.4982
463.4 1.49994
463.5 1.49669
463.6 1.48848
463.7 1.47539
463.8 1.45754
463.9 1.43513
464 1.40836
464.1 1.37752
464.2 1.3429
464.3 1.30486
464.4 1.26377
464.5 1.22005
464.6 1.17413
464.7 1.12647
464.8 1.07754
464.9 1.02784
465 0.977864
465.1 0.928106
465.2 0.879068
465.3 0.831237
465.4 0.785093
465.5 0.741096
465.6 0.699686
465.7 0.661276
465.8 0.626251
465.9 0.59496
466 0.567717
466.1 0.544792
466.2 0.526416
466.3 0.512772
466.4 0.503996
466.5 0.500176
466.6 0.50135
466.7 0.507506
466.8 0.518583
466.9 0.53447
467 0.555009
467.1 0.579994
467.2 0.609175
467.3 0.642262
467.4 0.678923
467.5 0.718792
467.6 0.76147
467.7 0.806532
467.8 0.853528
467.9 0.901986
468 0.951424
468.1 1.00135
468.2 1.05126
468.3 1.10065
468.4 1.14905
468.5 1.19595
468.6 1.24089
468.7 1.28343
468.8 1.32314
468.9 1.35962
469 1.3925
469.1 1.42146
469.2 1.44621
469.3 1.46651
469.4 1.48214
469.5 1.49295
469.6 1.49884
469.7 1.49975
469.8 1.49566
469.9 1.48662
470 1.47271
470.1 1.45409
470.2 1.43092
470.3 1.40345
470.4 1.37195
470.5 1.33674
470.6 1.29816
470.7 1.2566
470.8 1.21247
470.9 1.16622
471 1.11832
471.1 1.06923
471.2 1.01944
471.3 0.969468
471.4 0.919797
471.5 0.870927
471.6 0.823347
471.7 0.777532
471.8 0.73394
471.9 0.693006
472 0.65514
472.1 0.620719
472.2 0.590088
472.3 0.563553
472.4 0.541379
472.5 0.523787
472.6 0.510953
472.7 0.503005
472.8 0.500023
472.9 0.502037
473 0.509027
473.1 0.520922
473.2 0.537604
473.3 0.558906
473.4 0.584615
473.5 0.614474
473.6 0.648186
473.7 0.685413
473.8 0.725783
473.9 0.768893
474 0.814312
474.1 0.861586
474.2 0.910244
474.3 0.959798
474.4 1.00975
474.5 1.05961
474.6 1.10888
474.7 1.15705
474.8 1.20366
474.9 1.24823
475 1.29032
475.1 1.32951
475.2 1.36541
475.3 1.39765
475.4 1.42593
475.5 1.44994
475.6 1.46947
475.7 1.4843
475.8 1.49429
475.9 1.49934
476 1.49941
476.1 1.49448
476.2 1.48462
476.3 1.46991
476.4 1.4505
476.5 1.4266
476.6 1.39843
476.7 1.36628
476.8 1.33047
476.9 1.29136
477 1.24934
477.1 1.20483
477.2 1.15827
477.3 1.11013
477.4 1.06089
477.5 1.01104
477.6 0.961081
477.7 0.91151
477.8 0.862824
477.9 0.815508
478 0.770035
478.1 0.72686
478.2 0.686414
478.3 0.649102
478.4 0.615295
478.5 0.585332
478.6 0.559513
478.7 0.538095
478.8 0.521292
478.9 0.509272
479 0.502155
479.1 0.500013
479.2 0.502866
479.3 0.510686
479.4 0.523396
479.5 0.540868
479.6 0.562927
479.7 0.589353
479.8 0.619882
479.9 0.654209
480 0.691992
480.1 0.732851
480.2 0.776381
480.3 0.822144
480.4 0.869684
480.5 0.918527
480.6 0.968184
480.7 1.01816
480.8 1.06795
480.9 1.11707
481 1.16501
481.1 1.21131
481.2 1.25549
481.3 1.29712
481.4 1.33578
481.5 1.37109
481.6 1.40269
481.7 1.43027
481.8 1.45355
481.9 1.47229
482 1.48632
482.1 1.49549
482.2 1.4997
482.3 1.49893
482.4 1.49317
482.5 1.48248
482.6 1.46697
482.7 1.44679
482.8 1.42215
482.9 1.3933
483 1.36051
483.1 1.32412
483.2 1.28449
483.3 1.24202
483.4 1.19713
483.5 1.15027
483.6 1.10192
483.7 1.05254
483.8 1.00263
483.9 0.952705
484 0.903249
484.1 0.854759
484.2 0.80772
484.3 0.762602
484.4 0.719857
484.5 0.67991
484.6 0.643162
484.7 0.609979
484.8 0.580694
484.9 0.555597
485 0.534941
485.1 0.518932
485.2 0.50773
485.3 0.501446
485.4 0.500143
485.5 0.503835
485.6 0.512484
485.7 0.526005
485.8 0.544261
485.9 0.567071
486 0.594207
486.1 0.625397
486.2 0.660331
486.3 0.698658
486.4 0.739996
486.5 0.783931
486.6 0.830026
486.7 0.877819
486.8 0.926833
486.9 0.976578
487 1.02656
487.1 1.07627
487.2 1.12522
487.3 1.17292
487.4 1.21889
487.5 1.26268
487.6 1.30384
487.7 1.34197
487.8 1.37667
487.9 1.40762
488 1.43449
488.1 1.45702
488.2 1.47498
488.3 1.4882
488.4 1.49654
488.5 1.49992
488.6 1.49831
488.7 1.49171
488.8 1.4802
488.9 1.4639
489 1.44296
489.1 1.41759
489.2 1.38805
489.3 1.35463
489.4 1.31767
489.5 1.27754
489.6 1.23463
489.7 1.18938
489.8 1.14224
489.9 1.09367
490 1.04417
490.1 0.994227
490.2 0.944343
490.3 0.895014
490.4 0.846735
490.5 0.799987
490.6 0.755237
490.7 0.712933
490.8 0.673497
490.9 0.637324
491 0.604774
491.1 0.576173
491.2 0.551807
491.3 0.53192
491.4 0.516709
491.5 0.506327
491.6 0.500877
491.7 0.500415
491.8 0.504944
491.9 0.51442
492 0.528748
492.1 0.547784
492.2 0.571339
492.3 0.599176
492.4 0.631019
492.5 0.666548
492.6 0.705409
492.7 0.747213
492.8 0.791543
492.9 0.837956
493 0.885989
493.1 0.93516
493.2 0.984979
493.3 1.03495
493.4 1.08457
493.5 1.13334
493.6 1.18079
493.7 1.22642
493.8 1.2698
493.9 1.31047
494 1.34805
494.1 1.38215
494.2 1.41243
494.3 1.43859
494.4 1.46037
494.5 1.47754
494.6 1.48995
494.7 1.49746
494.8 1.5
494.9 1.49754
495 1.49012
495.1 1.47779
495.2 1.46069
495.3 1.43899
495.4 1.41291
495.5 1.38269
495.6 1.34866
495.7 1.31114
495.8 1.27051
495.9 1.22717
496 1.18157
496.1 1.13416
496.2 1.0854
496.3 1.03579
496.4 0.985822
496.5 0.935996
496.6 0.886809
496.7 0.838754
496.8 0.79231
496.9 0.747941
497 0.70609
497.1 0.667176
497.2 0.631588
497.3 0.599681
497.4 0.571773
497.5 0.548144
497.6 0.52903
497.7 0.514622
497.8 0.505063
497.9 0.50045
498 0.500828
498.1 0.506194
498.2 0.516493
498.3 0.531624
498.4 0.551434
498.5 0.575727
498.6 0.604258
498.7 0.636744
498.8 0.672859
498.9 0.712243
499 0.754502
499.1 0.799214
499.2 0.845933
499.3 0.89419
499.4 0.943505
499.5 0.993384
499.6 1.04333
499.7 1.09284
499.8 1.14143
499.9 1.1886
